113.0
13.0
13.0
15
1.0
2.0
13.0
1.0
13.0
15
1.0
13.0
15
1.0
2.0
13.0
122.0
22.0
322.0
3322.0
22.0
122.0
22.0
322.0
22.0
422.0
22.0
522.0
22.0
622.0
22.0
422.0
22.0
222.0
22.0
322.0
22.0
522.0
22.0
522.0
22.0
622.0
22.0
322.0
22.0
422.0
22.0
522.0
5622.0
522.0
5422.0
522.0
5322.0
522.0
22.0
2.0
1.0
13.0
1.0
2.0
13.0
122.0
22.0
322.0
3322.0
22.0
122.0
22.0
322.0
22.0
422.0
22.0
522.0
22.0
622.0
22.0
422.0
22.0
222.0
22.0
322.0
22.0
522.0
22.0
522.0
22.0
622.0
22.0
322.0
22.0
422.0
22.0
522.0
5622.0
522.0
5422.0
522.0
5322.0
522.0
22.0
2.0
1.0
13.0
15
3.0
13.0
1.0
3.0
24.0
3.0
1.0
2.0
13.0
2.0
1.0
5.0
1.0
6.0
1.0
6.0
1.0
7.0
67.0
7.0
1.0
5.0
1.0
4.0
1.0
3.0
1.0
3.0
1.0
3.0
1.0
3.0
1.0
3.0
1.0
4.0
35.0
4.0
35.0
4.0
1.0
4.0
1.0
3.0
1.0
6.0
1.0
6.0
1.0
6.0
1.0
4.0
35.0
346.0
35.0
344.0
3435.0
344.0
35.0
345.0
3446.0
345.0
3445.0
345.0
35.0
4.0
34.0
335.0
34.0
4.0
34.0
4.0
1.0
4.0
1.0
4.0
1.0
5.0
1.0
4.0
1.0
5.0
44.0
5.0
45.0
5.0
44.0
5.0
44.0
5.0
45.0
5.0
1.0
5.0
1.0
4.0
1.0
4.0
1.0
13.0
3.0
13.0
1.0
3.0
24.0
3.0
1.0
2.0
13.0
2.0
1.0
5.0
1.0
6.0
1.0
6.0
1.0
7.0
67.0
7.0
1.0
5.0
1.0
4.0
1.0
3.0
1.0
3.0
1.0
3.0
1.0
3.0
1.0
3.0
1.0
4.0
35.0
4.0
35.0
4.0
1.0
4.0
1.0
3.0
1.0
6.0
1.0
6.0
1.0
6.0
1.0
4.0
35.0
346.0
35.0
344.0
3435.0
344.0
35.0
345.0
3446.0
345.0
3445.0
345.0
35.0
4.0
34.0
335.0
34.0
4.0
34.0
4.0
1.0
4.0
1.0
4.0
1.0
5.0
1.0
4.0
1.0
5.0
44.0
5.0
45.0
5.0
44.0
5.0
44.0
5.0
45.0
5.0
1.0
5.0
1.0
4.0
1.0
4.0
1.0
3.0
1.0
9.0
1.0
8.0
1.0
6.0
1.0
6.0
1.0
5.0
46.0
5.0
48.0
5.0
43.0
5.0
1.0
2.0
1.0
3.0
1.0
4.0
1.0
5.0
1.0
6.0
1.0
7.0
1.0
8.0
1.0
9.0
1.0
4.0
1.0
5.0
1.0
6.0
57.0
6.0
1.0
8.0
1.0
9.0
1.0
2.0
1.0
3.0
1.0
4.0
1.0
5.0
1.0
6.0
1.0
6.0
1.0
7.0
1.0
8.0
1.0
2.0
1.0
3.0
1.0
9.0
1.0
8.0
1.0
6.0
1.0
6.0
1.0
5.0
46.0
5.0
48.0
5.0
43.0
5.0
1.0
2.0
1.0
3.0
1.0
4.0
1.0
5.0
1.0
6.0
1.0
7.0
1.0
8.0
1.0
9.0
1.0
4.0
1.0
5.0
1.0
6.0
57.0
6.0
1.0
8.0
1.0
9.0
1.0
2.0
1.0
3.0
1.0
4.0
1.0
5.0
1.0
6.0
1.0
6.0
1.0
7.0
1.0
8.0
1.0
2.0
1.0
2.0
1.0
9.0
1.0
10.0
1.0
6.0
1.0
8.0
1.0
7.0
1.0
5.0
1.0
7.0
1.0
9.0
1.0
4.0
1.0
6.0
1.0
5.0
1.0
7.0
1.0
9.0
1.0
4.0
1.0
7.0
1.0
4.0
1.0
2.0
1.0
9.0
1.0
10.0
1.0
6.0
1.0
8.0
1.0
7.0
1.0
5.0
1.0
7.0
1.0
9.0
1.0
4.0
1.0
6.0
1.0
5.0
1.0
7.0
1.0
9.0
1.0
4.0
1.0
7.0
1.0
4.0
1.0
2.0
1.0
3.0
24.0
1.0
2.0
14.0
133.0
1.0
2.0
13.0
1.0
5.0
1.0
3.0
1.0
5.0
1.0
3.0
1.0
5.0
1.0
3.0
25.0
1.0
3.0
1.0
2.0
13.0
1.0
2.0
13.0
123.0
1223.0
1.0
5.0
45.0
444.0
1.0
3.0
23.0
1.0
2.0
13.0
125.0
1.0
2.0
13.0
123.0
1225.0
12245.0
122446.0
1224456.0
12244554.0
122445534.0
1.0
2.0
13.0
124.0
1.0
4.0
35.0
1.0
3.0
29.0
290.0
2895.0
28944.0
289439.0
28944.0
2895.0
290.0
29.0
3.0
1.0
5.0
1.0
5.0
46.0
5.0
44.0
435.0
44.0
5.0
1.0
5.0
46.0
454.0
46.0
5.0
1.0
5.0
46.0
454.0
46.0
456.0
4554.0
456.0
46.0
5.0
1.0
5.0
46.0
454.0
4536.0
454.0
46.0
5.0
1.0
4.0
36.0
354.0
3535.0
35346.0
353454.0
3534535.0
353454.0
35346.0
3535.0
354.0
36.0
4.0
1.0
6.0
54.0
536.0
5354.0
53535.0
5354.0
536.0
54.0
6.0
1.0
4.0
35.0
346.0
3454.0
34536.0
3454.0
346.0
35.0
4.0
1.0
2.0
1.0
3.0
24.0
1.0
2.0
14.0
133.0
1.0
2.0
13.0
1.0
5.0
1.0
3.0
1.0
5.0
1.0
3.0
1.0
5.0
1.0
3.0
25.0
1.0
3.0
1.0
2.0
13.0
1.0
2.0
13.0
123.0
1223.0
1.0
5.0
45.0
444.0
1.0
3.0
23.0
1.0
2.0
13.0
125.0
1.0
2.0
13.0
123.0
1225.0
12245.0
122446.0
1224456.0
12244554.0
122445534.0
1.0
2.0
13.0
124.0
1.0
4.0
35.0
1.0
3.0
29.0
290.0
2895.0
28944.0
289439.0
28944.0
2895.0
290.0
29.0
3.0
1.0
5.0
1.0
5.0
46.0
5.0
44.0
435.0
44.0
5.0
1.0
5.0
46.0
454.0
46.0
5.0
1.0
5.0
46.0
454.0
46.0
456.0
4554.0
456.0
46.0
5.0
1.0
5.0
46.0
454.0
4536.0
454.0
46.0
5.0
1.0
4.0
36.0
354.0
3535.0
35346.0
353454.0
3534535.0
353454.0
35346.0
3535.0
354.0
36.0
4.0
1.0
6.0
54.0
536.0
5354.0
53535.0
5354.0
536.0
54.0
6.0
1.0
4.0
35.0
346.0
3454.0
34536.0
3454.0
346.0
35.0
4.0
1.0
10.0
91.0
909.0
9090.0
909.0
91.0
10.0
1.0
6.0
57.0
566.0
57.0
6.0
1.0
9.0
88.0
879.0
88.0
9.0
1.0
5.0
46.0
456.0
46.0
5.0
1.0
8.0
79.0
787.0
7868.0
787.0
79.0
8.0
1.0
7.0
68.0
677.0
6768.0
677.0
68.0
7.0
1.0
10.0
99.0
990.0
99.0
10.0
1.0
6.0
55.0
546.0
55.0
6.0
1.0
10.0
91.0
909.0
9090.0
909.0
91.0
10.0
1.0
6.0
57.0
566.0
57.0
6.0
1.0
9.0
88.0
879.0
88.0
9.0
1.0
5.0
46.0
456.0
46.0
5.0
1.0
8.0
79.0
787.0
7868.0
787.0
79.0
8.0
1.0
7.0
68.0
677.0
6768.0
677.0
68.0
7.0
1.0
10.0
99.0
990.0
99.0
10.0
1.0
6.0
55.0
546.0
55.0
6.0
1.0
9.0
89.0
888.0
8879.0
888.0
89.0
9.0
1.0
13.0
15
1.0
10.0
99.0
10.0
1.0
4.0
35.0
4.0
1.0
4.0
35.0
343.0
3424.0
34235.0
3424.0
343.0
3426.0
343.0
3427.0
343.0
3425.0
34246.0
342457.0
34246.0
3425.0
343.0
35.0
4.0
1.0
7.0
66.0
7.0
68.0
676.0
6757.0
67568.0
6757.0
67565.0
6757.0
676.0
6754.0
67535.0
675346.0
67535.0
6754.0
676.0
68.0
7.0
1.0
6.0
54.0
535.0
54.0
534.0
5335.0
534.0
54.0
6.0
1.0
3.0
24.0
234.0
2333.0
234.0
2332.0
234.0
2333.0
234.0
2335.0
234.0
2333.0
23325.0
2333.0
23323.0
233224.0
2332235.0
23322343.0
233223424.0
2332234235.0
233223424.0
2332234233.0
233223424.0
23322343.0
2332235.0
233224.0
2332236.0
23322355.0
233223546.0
23322355.0
233223547.0
23322355.0
2332236.0
233224.0
23323.0
2333.0
234.0
24.0
3.0
1.0
7.0
65.0
646.0
65.0
7.0
1.0
5.0
46.0
5.0
44.0
435.0
4346.0
435.0
44.0
5.0
1.0
7.0
68.0
7.0
66.0
657.0
66.0
7.0
1.0
3.0
1.0
5.0
44.0
433.0
44.0
434.0
4333.0
434.0
4336.0
434.0
4337.0
434.0
44.0
5.0
1.0
7.0
68.0
7.0
1.0
7.0
65.0
646.0
65.0
644.0
65.0
645.0
65.0
643.0
6424.0
643.0
6425.0
64243.0
6425.0
643.0
6426.0
643.0
6427.0
643.0
65.0
7.0
1.0
6.0
1.0
8.0
77.0
766.0
77.0
767.0
7668.0
767.0
7666.0
76657.0
7666.0
76654.0
7666.0
76655.0
766546.0
7665454.0
766546.0
76655.0
7666.0
767.0
77.0
8.0
1.0
7.0
68.0
676.0
68.0
677.0
6768.0
67676.0
6768.0
677.0
68.0
7.0
1.0
6.0
57.0
568.0
57.0
6.0
1.0
6.0
55.0
547.0
5465.0
54646.0
5465.0
547.0
55.0
1.0
13.0
1.0
10.0
99.0
10.0
1.0
4.0
35.0
4.0
1.0
4.0
35.0
343.0
3424.0
34235.0
3424.0
343.0
3426.0
343.0
3427.0
343.0
3425.0
34246.0
342457.0
34246.0
3425.0
343.0
35.0
4.0
1.0
7.0
66.0
7.0
68.0
676.0
6757.0
67568.0
6757.0
67565.0
6757.0
676.0
6754.0
67535.0
675346.0
67535.0
6754.0
676.0
68.0
7.0
1.0
6.0
54.0
535.0
54.0
534.0
5335.0
534.0
54.0
6.0
1.0
3.0
24.0
234.0
2333.0
234.0
2332.0
234.0
2333.0
234.0
2335.0
234.0
2333.0
23325.0
2333.0
23323.0
233224.0
2332235.0
23322343.0
233223424.0
2332234235.0
233223424.0
2332234233.0
233223424.0
23322343.0
2332235.0
233224.0
2332236.0
23322355.0
233223546.0
23322355.0
233223547.0
23322355.0
2332236.0
233224.0
23323.0
2333.0
234.0
24.0
3.0
1.0
7.0
65.0
646.0
65.0
7.0
1.0
5.0
46.0
5.0
44.0
435.0
4346.0
435.0
44.0
5.0
1.0
7.0
68.0
7.0
66.0
657.0
66.0
7.0
1.0
3.0
1.0
5.0
44.0
433.0
44.0
434.0
4333.0
434.0
4336.0
434.0
4337.0
434.0
44.0
5.0
1.0
7.0
68.0
7.0
1.0
7.0
65.0
646.0
65.0
644.0
65.0
645.0
65.0
643.0
6424.0
643.0
6425.0
64243.0
6425.0
643.0
6426.0
643.0
6427.0
643.0
65.0
7.0
1.0
6.0
1.0
8.0
77.0
766.0
77.0
767.0
7668.0
767.0
7666.0
76657.0
7666.0
76654.0
7666.0
76655.0
766546.0
7665454.0
766546.0
76655.0
7666.0
767.0
77.0
8.0
1.0
7.0
68.0
676.0
68.0
677.0
6768.0
67676.0
6768.0
677.0
68.0
7.0
1.0
6.0
57.0
568.0
57.0
6.0
1.0
6.0
55.0
547.0
5465.0
54646.0
5465.0
547.0
55.0
1.0
13.0
1.0
15.0
15.0
5.0
25.0
235.0
25.0
5.0
45.0
455.0
4535.0
45345.0
453455.0
45345.0
453435.0
4534345.0
45343455.0
4534345.0
453435.0
4534355.0
453435.0
4534335.0
45343345.0
453433455.0
45343345.0
4534335.0
453435.0
45345.0
4535.0
455.0
45.0
5.0
35.0
345.0
35.0
335.0
3345.0
335.0
35.0
5.0
55.0
565.0
5645.0
565.0
5655.0
56565.0
1.0
13.0
1.0
15.0
1.0
5.0
5.0
1.0
25.0
25.0
1.0
235.0
235.0
1.0
25.0
25.0
1.0
5.0
5.0
1.0
45.0
45.0
1.0
455.0
455.0
1.0
4535.0
4535.0
1.0
45345.0
45345.0
1.0
453455.0
453455.0
1.0
45345.0
45345.0
1.0
453435.0
453435.0
1.0
4534345.0
4534345.0
1.0
45343455.0
45343455.0
1.0
4534345.0
4534345.0
1.0
453435.0
453435.0
1.0
4534355.0
4534355.0
1.0
453435.0
453435.0
1.0
4534335.0
4534335.0
1.0
45343345.0
45343345.0
1.0
453433455.0
453433455.0
1.0
45343345.0
45343345.0
1.0
4534335.0
4534335.0
1.0
453435.0
453435.0
1.0
45345.0
45345.0
1.0
4535.0
4535.0
1.0
455.0
455.0
1.0
45.0
45.0
1.0
5.0
5.0
1.0
35.0
35.0
1.0
345.0
345.0
1.0
35.0
35.0
1.0
335.0
335.0
1.0
3345.0
3345.0
1.0
335.0
335.0
1.0
35.0
35.0
1.0
5.0
5.0
1.0
55.0
55.0
1.0
565.0
565.0
1.0
5645.0
5645.0
1.0
565.0
565.0
1.0
5655.0
5655.0
1.0
56565.0
56565.0
1.0
13.0
1.0
15.0
1.0
5.0
1.0
25.0
1.0
235.0
1.0
25.0
1.0
5.0
1.0
45.0
1.0
455.0
1.0
4535.0
1.0
45345.0
1.0
453455.0
1.0
45345.0
1.0
453435.0
1.0
4534345.0
1.0
45343455.0
1.0
4534345.0
1.0
453435.0
1.0
4534355.0
1.0
453435.0
1.0
4534335.0
1.0
45343345.0
1.0
453433455.0
1.0
45343345.0
1.0
4534335.0
1.0
453435.0
1.0
45345.0
1.0
4535.0
1.0
455.0
1.0
45.0
1.0
5.0
1.0
35.0
1.0
345.0
1.0
35.0
1.0
335.0
1.0
3345.0
1.0
335.0
1.0
35.0
1.0
5.0
1.0
55.0
1.0
565.0
1.0
5645.0
1.0
565.0
1.0
5655.0
1.0
56565.0
1.0
13.0
1.0
15.0
1.0
5.0
1.0
25.0
1.0
235.0
1.0
25.0
1.0
5.0
1.0
45.0
1.0
455.0
1.0
4535.0
1.0
45345.0
1.0
453455.0
1.0
45345.0
1.0
453435.0
1.0
4534345.0
1.0
45343455.0
1.0
4534345.0
1.0
453435.0
1.0
4534355.0
1.0
453435.0
1.0
4534335.0
1.0
45343345.0
1.0
453433455.0
1.0
45343345.0
1.0
4534335.0
1.0
453435.0
1.0
45345.0
1.0
4535.0
1.0
455.0
1.0
45.0
1.0
5.0
1.0
35.0
1.0
345.0
1.0
35.0
1.0
335.0
1.0
3345.0
1.0
335.0
1.0
35.0
1.0
5.0
1.0
55.0
1.0
565.0
1.0
5645.0
1.0
565.0
1.0
5655.0
1.0
56565.0
1.0
13.0
1.0
15.0
1.0
5.0
1.0
25.0
1.0
235.0
1.0
25.0
1.0
13.0
1.0
5.0
5.0
1.0
15.0
1.0
45.0
45.0
1.0
5.0
5.0
1.0
25.0
1.0
455.0
455.0
1.0
235.0
235.0
1.0
25.0
1.0
4535.0
4535.0
1.0
5.0
5.0
1.0
45.0
1.0
45345.0
45345.0
1.0
455.0
455.0
1.0
4535.0
1.0
453455.0
453455.0
1.0
45345.0
45345.0
1.0
453455.0
1.0
45345.0
45345.0
1.0
453435.0
1.0
4534345.0
4534345.0
1.0
45343455.0
1.0
4534345.0
4534345.0
1.0
453435.0
1.0
45343455.0
45343455.0
1.0
4534355.0
4534355.0
1.0
453435.0
1.0
4534345.0
4534345.0
1.0
4534335.0
4534335.0
1.0
45343345.0
1.0
453435.0
453435.0
1.0
453433455.0
453433455.0
1.0
45343345.0
1.0
4534355.0
4534355.0
1.0
4534335.0
4534335.0
1.0
453435.0
1.0
45345.0
45345.0
1.0
4535.0
1.0
4534335.0
4534335.0
1.0
455.0
455.0
1.0
45.0
1.0
45343345.0
45343345.0
1.0
5.0
5.0
1.0
35.0
1.0
453433455.0
453433455.0
1.0
345.0
345.0
1.0
35.0
1.0
45343345.0
45343345.0
1.0
335.0
335.0
1.0
3345.0
1.0
4534335.0
4534335.0
1.0
335.0
335.0
1.0
35.0
1.0
453435.0
453435.0
1.0
5.0
5.0
1.0
55.0
1.0
45345.0
45345.0
1.0
565.0
565.0
1.0
5645.0
1.0
4535.0
4535.0
1.0
565.0
565.0
1.0
5655.0
1.0
455.0
455.0
1.0
56565.0
56565.0
1.0
45.0
1.0
13.0
13.0
1.0
5.0
1.0
15.0
15.0
1.0
35.0
1.0
5.0
5.0
1.0
345.0
1.0
25.0
25.0
1.0
35.0
1.0
235.0
235.0
1.0
335.0
1.0
25.0
25.0
1.0
3345.0
1.0
5.0
5.0
1.0
335.0
1.0
45.0
45.0
1.0
35.0
1.0
455.0
455.0
1.0
5.0
1.0
4535.0
4535.0
1.0
55.0
1.0
45345.0
45345.0
1.0
565.0
1.0
453455.0
453455.0
1.0
5645.0
1.0
45345.0
45345.0
1.0
565.0
1.0
453435.0
453435.0
1.0
5655.0
1.0
4534345.0
4534345.0
1.0
56565.0
1.0
45343455.0
45343455.0
1.0
13.0
1.0
4534345.0
4534345.0
1.0
15.0
1.0
453435.0
453435.0
1.0
5.0
1.0
4534355.0
4534355.0
1.0
25.0
1.0
453435.0
453435.0
1.0
235.0
1.0
4534335.0
4534335.0
1.0
25.0
1.0
45343345.0
45343345.0
1.0
13.0
1.0
453433455.0
453433455.0
1.0
5.0
1.0
45343345.0
45343345.0
1.0
15.0
1.0
4534335.0
4534335.0
1.0
45.0
1.0
453435.0
453435.0
1.0
5.0
1.0
45345.0
45345.0
1.0
25.0
1.0
4535.0
4535.0
1.0
455.0
1.0
235.0
1.0
45.0
45.0
1.0
25.0
1.0
5.0
5.0
1.0
4535.0
1.0
35.0
35.0
1.0
5.0
1.0
345.0
345.0
1.0
45.0
1.0
35.0
35.0
1.0
45345.0
1.0
335.0
335.0
1.0
3345.0
1.0
3345.0
3345.0
1.0
335.0
1.0
335.0
335.0
1.0
453455.0
453455.0
1.0
5.0
1.0
5.0
5.0
1.0
453455.0
1.0
55.0
55.0
1.0
45345.0
1.0
1.0
565.0
565.0
1.0
5645.0
5645.0
1.0
453435.0
453435.0
1.0
565.0
1.0
1.0
4534345.0
4534345.0
1.0
5655.0
5655.0
5655.0
1.0
4534345.0
1.0
56565.0
56565.0
1.0
453435.0
453435.0
453435.0
1.0
45343455.0
1.0
45343455.0
45343455.0
1.0
4534355.0
1.0
4534355.0
4534355.0
1.0
25.0
1.0
1.0
453435.0
453435.0
1.0
4534345.0
1.0
4534345.0
4534345.0
1.0
25.0
25.0
25.0
1.0
45343345.0
45343345.0
45343345.0
1.0
453435.0
1.0
453435.0
453435.0
1.0
455.0
455.0
1.0
453433455.0
453433455.0
1.0
45343345.0
1.0
1.0
4535.0
4535.0
1.0
4534355.0
4534355.0
4534355.0
1.0
4534335.0
4534335.0
4534335.0
1.0
453435.0
1.0
453435.0
453435.0
1.0
453435.0
1.0
45345.0
45345.0
1.0
4534345.0
1.0
4535.0
4535.0
1.0
45343455.0
1.0
1.0
4534335.0
4534335.0
1.0
4534345.0
4534345.0
1.0
453435.0
1.0
45.0
45.0
1.0
4534355.0
1.0
45343345.0
45343345.0
1.0
453435.0
1.0
5.0
5.0
1.0
1.0
1.0
35.0
35.0
1.0
45343345.0
45343345.0
45343345.0
1.0
345.0
1.0
1.0
453433455.0
453433455.0
1.0
35.0
35.0
35.0
1.0
45343345.0
1.0
4534335.0
4534335.0
1.0
335.0
1.0
453435.0
453435.0
1.0
45345.0
45345.0
45345.0
1.0
4534335.0
1.0
4535.0
4535.0
1.0
335.0
1.0
455.0
455.0
1.0
45.0
1.0
45.0
45.0
1.0
453435.0
453435.0
1.0
5.0
5.0
1.0
5.0
5.0
1.0
345.0
1.0
55.0
55.0
1.0
35.0
1.0
45345.0
45345.0
1.0
335.0
335.0
335.0
1.0
1.0
1.0
3345.0
3345.0
1.0
335.0
335.0
335.0
1.0
35.0
1.0
35.0
35.0
1.0
5655.0
5655.0
5655.0
1.0
455.0
1.0
55.0
55.0
1.0
56565.0
1.0
565.0
565.0
1.0
45.0
45.0
45.0
1.0
565.0
1.0
13.0
13.0
1.0
5655.0
5655.0
5655.0
1.0
15.0
1.0
56565.0
56565.0
1.0
35.0
1.0
13.0
13.0
1.0
5.0
1.0
15.0
15.0
1.0
5.0
1.0
5.0
5.0
1.0
25.0
1.0
235.0
235.0
235.0
1.0
235.0
1.0
25.0
25.0
1.0
335.0
335.0
1.0
5.0
5.0
1.0
45.0
1.0
45.0
45.0
1.0
3345.0
1.0
455.0
455.0
1.0
5.0
1.0
4535.0
4535.0
1.0
335.0
335.0
1.0
453455.0
1.0
45.0
45.0
1.0
35.0
1.0
35.0
35.0
1.0
455.0
1.0
455.0
455.0
1.0
4534345.0
1.0
5.0
5.0
1.0
45343455.0
45343455.0
1.0
4535.0
4535.0
1.0
55.0
1.0
55.0
55.0
1.0
453435.0
1.0
45345.0
45345.0
1.0
4534355.0
4534355.0
4534355.0
1.0
453455.0
1.0
453435.0
453435.0
1.0
5645.0
1.0
4534335.0
4534335.0
1.0
45343345.0
1.0
45343345.0
45343345.0
1.0
565.0
565.0
1.0
453433455.0
453433455.0
1.0
13.0
1.0
15.0
15.0
1.0
2.0
1.0
3.0
1.0
4.0
1.0
5.0
1.0
6.0
1.0
7.0
1.0
8.0
1.0
8.0
1.0
9.0
1.0
13.0
1.0
15.0
1.0
2.0
1.0
3.0
1.0
4.0
1.0
5.0
1.0
6.0
1.0
7.0
1.0
8.0
1.0
8.0
1.0
9.0
1.0
13.0
1.0
15.0
1.0
2.0
1.0
3.0
1.0
4.0
1.0
5.0
1.0
6.0
1.0
7.0
1.0
8.0
1.0
8.0
1.0
9.0
1.0
13.0
1.0
15.0
1.0
2.0
1.0
3.0
1.0
4.0
1.0
5.0
1.0
6.0
1.0
7.0
1.0
8.0
1.0
8.0
1.0
9.0
1.0
13.0
1.0
15.0
1.0
2.0
1.0
3.0
1.0
4.0
1.0
5.0
1.0
6.0
1.0
7.0
1.0
8.0
1.0
8.0
1.0
9.0
1.0
13.0
1.0
15.0
1.0
2.0
1.0
3.0
1.0
4.0
1.0
5.0
1.0
6.0
1.0
7.0
1.0
8.0
1.0
8.0
1.0
9.0
1.0
13.0
1.0
15.0
1.0
2.0
1.0
3.0
1.0
4.0
1.0
5.0
1.0
6.0
1.0
7.0
1.0
8.0
1.0
8.0
1.0
9.0
1.0
13.0
1.0
15.0
1.0
2.0
1.0
3.0
1.0
4.0
1.0
5.0
1.0
6.0
1.0
7.0
1.0
8.0
1.0
8.0
1.0
9.0
1.0
13.0
1.0
15.0
1.0
2.0
1.0
3.0
1.0
4.0
1.0
5.0
1.0
6.0
1.0
7.0
1.0
8.0
1.0
8.0
1.0
9.0
1.0
13.0
1.0
15.0
1.0
2.0
1.0
3.0
1.0
4.0
1.0
5.0
1.0
6.0
1.0
7.0
1.0
8.0
1.0
8.0
1.0
9.0
1.0
13.0
1.0
15.0
1.0
2.0
1.0
3.0
1.0
4.0
1.0
5.0
1.0
6.0
1.0
7.0
1.0
8.0
1.0
8.0
1.0
9.0
1.0
13.0
1.0
15.0
1.0
2.0
1.0
3.0
1.0
4.0
1.0
5.0
1.0
6.0
1.0
7.0
1.0
8.0
1.0
8.0
1.0
9.0
1.0
13.0
1.0
15.0
1.0
2.0
1.0
3.0
1.0
4.0
1.0
5.0
1.0
6.0
1.0
7.0
1.0
8.0
1.0
8.0
1.0
9.0
1.0
13.0
1.0
15.0
1.0
2.0
1.0
3.0
1.0
4.0
1.0
5.0
1.0
6.0
1.0
7.0
1.0
8.0
1.0
8.0
1.0
9.0
1.0
13.0
1.0
15.0
1.0
2.0
1.0
3.0
1.0
4.0
1.0
5.0
1.0
6.0
1.0
7.0
1.0
8.0
1.0
8.0
1.0
9.0
1.0
13.0
1.0
15.0
1.0
2.0
1.0
3.0
1.0
4.0
1.0
5.0
1.0
6.0
1.0
7.0
1.0
8.0
1.0
8.0
1.0
9.0
1.0
13.0
1.0
15.0
1.0
2.0
1.0
3.0
1.0
4.0
1.0
5.0
1.0
6.0
1.0
7.0
1.0
8.0
1.0
8.0
1.0
9.0
1.0
13.0
1.0
15.0
1.0
2.0
1.0
3.0
1.0
4.0
1.0
5.0
1.0
6.0
1.0
7.0
1.0
8.0
1.0
8.0
1.0
9.0
1.0
13.0
1.0
15.0
1.0
2.0
1.0
3.0
1.0
4.0
1.0
5.0
1.0
6.0
1.0
7.0
1.0
8.0
1.0
8.0
1.0
9.0
1.0
13.0
1.0
15.0
1.0
2.0
1.0
3.0
1.0
4.0
1.0
5.0
1.0
6.0
1.0
7.0
1.0
8.0
1.0
8.0
1.0
9.0
1.0
13.0
1.0
15.0
1.0
2.0
1.0
3.0
1.0
4.0
1.0
5.0
1.0
6.0
1.0
7.0
1.0
8.0
1.0
8.0
1.0
9.0
1.0
13.0
13.0
1.0
15.0
15.0
13.0
1.0
15.0
15.0
1.0
2.0
1.0
3.0
1.0
4.0
1.0
4.0
1.0
5.0
1.0
6.0
1.0
6.0
1.0
6.0
57.0
565.0
57.0
566.0
5657.0
566.0
57.0
6.0
1.0
7.0
68.0
7.0
1.0
8.0
77.0
8.0
76.0
757.0
7568.0
757.0
76.0
756.0
76.0
758.0
7577.0
758.0
76.0
8.0
1.0
6.0
57.0
568.0
5676.0
56757.0
567568.0
56757.0
5676.0
568.0
57.0
6.0
1.0
6.0
57.0
1.0
13.0
1.0
15.0
1.0
2.0
1.0
3.0
1.0
4.0
1.0
4.0
1.0
5.0
1.0
6.0
1.0
6.0
1.0
6.0
1.0
57.0
57.0
1.0
565.0
565.0
1.0
57.0
57.0
1.0
566.0
566.0
1.0
5657.0
5657.0
1.0
566.0
566.0
1.0
57.0
57.0
1.0
6.0
6.0
1.0
7.0
1.0
68.0
68.0
1.0
7.0
7.0
1.0
8.0
1.0
77.0
77.0
1.0
8.0
8.0
1.0
76.0
76.0
1.0
757.0
757.0
1.0
7568.0
7568.0
1.0
757.0
757.0
1.0
76.0
76.0
1.0
756.0
756.0
1.0
76.0
76.0
1.0
758.0
758.0
1.0
7577.0
7577.0
1.0
758.0
758.0
1.0
76.0
76.0
1.0
8.0
8.0
1.0
6.0
1.0
57.0
57.0
1.0
568.0
568.0
1.0
5676.0
5676.0
1.0
56757.0
56757.0
1.0
567568.0
567568.0
1.0
56757.0
56757.0
1.0
5676.0
5676.0
1.0
568.0
568.0
1.0
57.0
57.0
1.0
6.0
6.0
1.0
6.0
1.0
57.0
57.0
1.0
13.0
1.0
15.0
15.0
1.0
2.0
13.0
124.0
1235.0
1.0
4.0
35.0
346.0
3455.0
5.0
65.0
675.0
1.0
9.0
88.0
879.0
1.0
5.0
46.0
455.0
1.0
5.0
46.0
1.0
4.0
35.0
343.0
3424.0
1.0
6.0
57.0
565.0
5646.0
56457.0
7.0
37.0
347.0
3447.0
1.0
5.0
46.0
457.0
4567.0
1.0
5.0
46.0
454.0
4535.0
5.0
45.0
455.0
4535.0
45345.0
45.0
645.0
6745.0
7.0
67.0
668.0
1.0
4.0
36.0
1.0
7.0
68.0
1.0
5.0
46.0
454.0
4535.0
5.0
45.0
465.0
4675.0
5.0
45.0
425.0
1.0
7.0
1.0
5.0
1.0
3.0
33.0
1.0
6.0
57.0
1.0
3.0
24.0
234.0
1.0
5.0
46.0
457.0
5.0
44.0
435.0
1.0
13.0
1.0
15.0
1.0
2.0
1.0
13.0
13.0
1.0
124.0
124.0
1.0
1235.0
1235.0
1.0
4.0
1.0
35.0
35.0
1.0
346.0
346.0
1.0
3455.0
3455.0
1.0
5.0
5.0
1.0
65.0
65.0
1.0
675.0
675.0
1.0
9.0
1.0
88.0
88.0
1.0
879.0
879.0
1.0
5.0
1.0
46.0
46.0
1.0
455.0
455.0
1.0
5.0
1.0
46.0
46.0
1.0
4.0
1.0
35.0
35.0
1.0
343.0
343.0
1.0
3424.0
3424.0
1.0
6.0
1.0
57.0
57.0
1.0
565.0
565.0
1.0
5646.0
5646.0
1.0
56457.0
56457.0
1.0
7.0
7.0
1.0
37.0
37.0
1.0
347.0
347.0
1.0
3447.0
3447.0
1.0
5.0
1.0
46.0
46.0
1.0
457.0
457.0
1.0
4567.0
4567.0
1.0
5.0
1.0
46.0
46.0
1.0
454.0
454.0
1.0
4535.0
4535.0
1.0
5.0
5.0
1.0
45.0
45.0
1.0
455.0
455.0
1.0
4535.0
4535.0
1.0
45345.0
45345.0
1.0
45.0
45.0
1.0
645.0
645.0
1.0
6745.0
6745.0
1.0
7.0
7.0
1.0
67.0
67.0
1.0
668.0
668.0
1.0
4.0
1.0
36.0
36.0
1.0
7.0
1.0
68.0
68.0
1.0
5.0
1.0
46.0
46.0
1.0
454.0
454.0
1.0
4535.0
4535.0
1.0
5.0
5.0
1.0
45.0
45.0
1.0
465.0
465.0
1.0
4675.0
4675.0
1.0
5.0
5.0
1.0
45.0
45.0
1.0
425.0
425.0
1.0
7.0
1.0
5.0
1.0
3.0
1.0
33.0
33.0
1.0
6.0
1.0
57.0
57.0
1.0
3.0
1.0
24.0
24.0
1.0
234.0
234.0
1.0
5.0
1.0
46.0
46.0
1.0
457.0
457.0
1.0
5.0
5.0
1.0
44.0
44.0
1.0
435.0
435.0
1.0
2.0
12.0
113.0
12.0
2.0
13.0
124.0
13.0
2.0
1.0
5.0
46.0
5.0
1.0
7.0
66.0
7.0
1.0
3.0
24.0
3.0
1.0
5.0
44.0
5.0
45.0
5.0
47.0
466.0
47.0
5.0
1.0
7.0
68.0
7.0
1.0
4.0
35.0
342.0
35.0
4.0
1.0
2.0
1.0
3.0
1.0
5.0
46.0
456.0
4556.0
45557.0
455565.0
45557.0
455561.0
45557.0
455564.0
4555633.0
455564.0
45557.0
4556.0
456.0
46.0
454.0
4535.0
454.0
46.0
453.0
46.0
5.0
43.0
5.0
1.0
4.0
1.0
5.0
43.0
5.0
45.0
5.0
43.0
425.0
43.0
5.0
44.0
435.0
4343.0
435.0
4344.0
43435.0
434343.0
4343424.0
43434235.0
434342343.0
4343423424.0
434342343.0
4343423425.0
43434234243.0
4343423425.0
43434234244.0
434342342433.0
43434234244.0
4343423425.0
434342343.0
43434235.0
4343424.0
434343.0
43435.0
4344.0
435.0
44.0
436.0
44.0
5.0
1.0
5.0
1.0
5.0
1.0
4.0
1.0
4.0
1.0
4.0
1.0
5.0
1.0
6.0
1.0
4.0
35.0
346.0
35.0
344.0
3435.0
344.0
3434.0
34335.0
343344.0
34335.0
3434.0
344.0
35.0
4.0
1.0
5.0
1.0
5.0
44.0
5.0
45.0
444.0
45.0
444.0
45.0
445.0
45.0
5.0
45.0
5.0
44.0
435.0
44.0
5.0
1.0
5.0
46.0
454.0
4535.0
45346.0
453454.0
4534536.0
453454.0
45346.0
4535.0
454.0
46.0
456.0
4555.0
1.0
2.0
1.0
12.0
12.0
1.0
113.0
113.0
1.0
12.0
12.0
1.0
2.0
2.0
1.0
13.0
13.0
1.0
124.0
124.0
1.0
13.0
13.0
1.0
2.0
2.0
1.0
5.0
1.0
46.0
46.0
1.0
5.0
5.0
1.0
7.0
1.0
66.0
66.0
1.0
7.0
7.0
1.0
3.0
1.0
24.0
24.0
1.0
3.0
3.0
1.0
5.0
1.0
44.0
44.0
1.0
5.0
5.0
1.0
45.0
45.0
1.0
5.0
5.0
1.0
47.0
47.0
1.0
466.0
466.0
1.0
47.0
47.0
1.0
5.0
5.0
1.0
7.0
1.0
68.0
68.0
1.0
7.0
7.0
1.0
4.0
1.0
35.0
35.0
1.0
342.0
342.0
1.0
35.0
35.0
1.0
4.0
4.0
1.0
2.0
1.0
3.0
1.0
5.0
1.0
46.0
46.0
1.0
456.0
456.0
1.0
4556.0
4556.0
1.0
45557.0
45557.0
1.0
455565.0
455565.0
1.0
45557.0
45557.0
1.0
455561.0
455561.0
1.0
45557.0
45557.0
1.0
455564.0
455564.0
1.0
4555633.0
4555633.0
1.0
455564.0
455564.0
1.0
45557.0
45557.0
1.0
4556.0
4556.0
1.0
456.0
456.0
1.0
46.0
46.0
1.0
454.0
454.0
1.0
4535.0
4535.0
1.0
454.0
454.0
1.0
46.0
46.0
1.0
453.0
453.0
1.0
46.0
46.0
1.0
5.0
5.0
1.0
43.0
43.0
1.0
5.0
5.0
1.0
4.0
1.0
5.0
1.0
43.0
43.0
1.0
5.0
5.0
1.0
45.0
45.0
1.0
5.0
5.0
1.0
43.0
43.0
1.0
425.0
425.0
1.0
43.0
43.0
1.0
5.0
5.0
1.0
44.0
44.0
1.0
435.0
435.0
1.0
4343.0
4343.0
1.0
435.0
435.0
1.0
4344.0
4344.0
1.0
43435.0
43435.0
1.0
434343.0
434343.0
1.0
4343424.0
4343424.0
1.0
43434235.0
43434235.0
1.0
434342343.0
434342343.0
1.0
4343423424.0
4343423424.0
1.0
434342343.0
434342343.0
1.0
4343423425.0
4343423425.0
1.0
43434234243.0
43434234243.0
1.0
4343423425.0
4343423425.0
1.0
43434234244.0
43434234244.0
1.0
434342342433.0
434342342433.0
1.0
43434234244.0
43434234244.0
1.0
4343423425.0
4343423425.0
1.0
434342343.0
434342343.0
1.0
43434235.0
43434235.0
1.0
4343424.0
4343424.0
1.0
434343.0
434343.0
1.0
43435.0
43435.0
1.0
4344.0
4344.0
1.0
435.0
435.0
1.0
44.0
44.0
1.0
436.0
436.0
1.0
44.0
44.0
1.0
5.0
5.0
1.0
5.0
1.0
5.0
1.0
4.0
1.0
4.0
1.0
4.0
1.0
5.0
1.0
6.0
1.0
4.0
1.0
35.0
35.0
1.0
346.0
346.0
1.0
35.0
35.0
1.0
344.0
344.0
1.0
3435.0
3435.0
1.0
344.0
344.0
1.0
3434.0
3434.0
1.0
34335.0
34335.0
1.0
343344.0
343344.0
1.0
34335.0
34335.0
1.0
3434.0
3434.0
1.0
344.0
344.0
1.0
35.0
35.0
1.0
4.0
4.0
1.0
5.0
1.0
5.0
1.0
44.0
44.0
1.0
5.0
5.0
1.0
45.0
45.0
1.0
444.0
444.0
1.0
45.0
45.0
1.0
444.0
444.0
1.0
45.0
45.0
1.0
445.0
445.0
1.0
45.0
45.0
1.0
5.0
5.0
1.0
45.0
45.0
1.0
5.0
5.0
1.0
44.0
44.0
1.0
435.0
435.0
1.0
44.0
44.0
1.0
5.0
5.0
1.0
5.0
1.0
46.0
46.0
1.0
454.0
454.0
1.0
4535.0
4535.0
1.0
45346.0
45346.0
1.0
453454.0
453454.0
1.0
4534536.0
4534536.0
1.0
453454.0
453454.0
1.0
45346.0
45346.0
1.0
4535.0
4535.0
1.0
454.0
454.0
1.0
46.0
46.0
1.0
456.0
456.0
1.0
4555.0
4555.0
1.0
9.0
90.0
9.0
1.0
8.0
79.0
788.0
7879.0
78788.0
7879.0
788.0
79.0
8.0
1.0
41.0
441.0
41.0
1.0
41.0
451.0
4561.0
45651.0
456541.0
45651.0
456561.0
45651.0
456531.0
45651.0
456521.0
4565231.0
456521.0
4565221.0
456521.0
45651.0
4561.0
451.0
4521.0
45231.0
452341.0
45231.0
452331.0
4523341.0
452331.0
45231.0
4521.0
451.0
41.0
1.0
41.0
421.0
4231.0
42341.0
4231.0
42341.0
423421.0
42341.0
423441.0
42341.0
423421.0
4234231.0
423421.0
4234241.0
42342421.0
4234241.0
42342441.0
423424441.0
42342441.0
423424421.0
4234244241.0
42342442421.0
423424424241.0
4234244242421.0
42342442424231.0
423424424242341.0
42342442424231.0
423424424242321.0
42342442424231.0
4234244242421.0
423424424241.0
42342442421.0
4234244241.0
423424421.0
42342441.0
4234241.0
423421.0
42341.0
4231.0
421.0
41.0
1.0
21.0
231.0
2341.0
23421.0
2341.0
231.0
21.0
1.0
31.0
341.0
3441.0
341.0
3451.0
341.0
31.0
361.0
31.0
1.0
51.0
561.0
51.0
541.0
5431.0
541.0
5431.0
54341.0
543421.0
54341.0
543431.0
54341.0
5431.0
541.0
51.0
531.0
5341.0
531.0
5321.0
53231.0
532341.0
5323421.0
53234231.0
5323421.0
532341.0
53231.0
5321.0
531.0
51.0
1.0
31.0
341.0
3421.0
34241.0
3421.0
34221.0
342231.0
3422341.0
342231.0
3422321.0
342231.0
3422331.0
34223321.0
3422331.0
342231.0
34221.0
3421.0
341.0
31.0
1.0
41.0
421.0
4231.0
42341.0
423421.0
42341.0
4231.0
421.0
4221.0
421.0
4231.0
1.0
9.0
1.0
90.0
90.0
1.0
9.0
9.0
1.0
8.0
1.0
79.0
79.0
1.0
788.0
788.0
1.0
7879.0
7879.0
1.0
78788.0
78788.0
1.0
7879.0
7879.0
1.0
788.0
788.0
1.0
79.0
79.0
1.0
8.0
8.0
1.0
41.0
1.0
441.0
441.0
1.0
41.0
41.0
1.0
41.0
1.0
451.0
451.0
1.0
4561.0
4561.0
1.0
45651.0
45651.0
1.0
456541.0
456541.0
1.0
45651.0
45651.0
1.0
456561.0
456561.0
1.0
45651.0
45651.0
1.0
456531.0
456531.0
1.0
45651.0
45651.0
1.0
456521.0
456521.0
1.0
4565231.0
4565231.0
1.0
456521.0
456521.0
1.0
4565221.0
4565221.0
1.0
456521.0
456521.0
1.0
45651.0
45651.0
1.0
4561.0
4561.0
1.0
451.0
451.0
1.0
4521.0
4521.0
1.0
45231.0
45231.0
1.0
452341.0
452341.0
1.0
45231.0
45231.0
1.0
452331.0
452331.0
1.0
4523341.0
4523341.0
1.0
452331.0
452331.0
1.0
45231.0
45231.0
1.0
4521.0
4521.0
1.0
451.0
451.0
1.0
41.0
41.0
1.0
41.0
1.0
421.0
421.0
1.0
4231.0
4231.0
1.0
42341.0
42341.0
1.0
4231.0
4231.0
1.0
42341.0
42341.0
1.0
423421.0
423421.0
1.0
42341.0
42341.0
1.0
423441.0
423441.0
1.0
42341.0
42341.0
1.0
423421.0
423421.0
1.0
4234231.0
4234231.0
1.0
423421.0
423421.0
1.0
4234241.0
4234241.0
1.0
42342421.0
42342421.0
1.0
4234241.0
4234241.0
1.0
42342441.0
42342441.0
1.0
423424441.0
423424441.0
1.0
42342441.0
42342441.0
1.0
423424421.0
423424421.0
1.0
4234244241.0
4234244241.0
1.0
42342442421.0
42342442421.0
1.0
423424424241.0
423424424241.0
1.0
4234244242421.0
4234244242421.0
1.0
42342442424231.0
42342442424231.0
1.0
423424424242341.0
423424424242341.0
1.0
42342442424231.0
42342442424231.0
1.0
423424424242321.0
423424424242321.0
1.0
42342442424231.0
42342442424231.0
1.0
4234244242421.0
4234244242421.0
1.0
423424424241.0
423424424241.0
1.0
42342442421.0
42342442421.0
1.0
4234244241.0
4234244241.0
1.0
423424421.0
423424421.0
1.0
42342441.0
42342441.0
1.0
4234241.0
4234241.0
1.0
423421.0
423421.0
1.0
42341.0
42341.0
1.0
4231.0
4231.0
1.0
421.0
421.0
1.0
41.0
41.0
1.0
21.0
1.0
231.0
231.0
1.0
2341.0
2341.0
1.0
23421.0
23421.0
1.0
2341.0
2341.0
1.0
231.0
231.0
1.0
21.0
21.0
1.0
31.0
1.0
341.0
341.0
1.0
3441.0
3441.0
1.0
341.0
341.0
1.0
3451.0
3451.0
1.0
341.0
341.0
1.0
31.0
31.0
1.0
361.0
361.0
1.0
31.0
31.0
1.0
51.0
1.0
561.0
561.0
1.0
51.0
51.0
1.0
541.0
541.0
1.0
5431.0
5431.0
1.0
541.0
541.0
1.0
5431.0
5431.0
1.0
54341.0
54341.0
1.0
543421.0
543421.0
1.0
54341.0
54341.0
1.0
543431.0
543431.0
1.0
54341.0
54341.0
1.0
5431.0
5431.0
1.0
541.0
541.0
1.0
51.0
51.0
1.0
531.0
531.0
1.0
5341.0
5341.0
1.0
531.0
531.0
1.0
5321.0
5321.0
1.0
53231.0
53231.0
1.0
532341.0
532341.0
1.0
5323421.0
5323421.0
1.0
53234231.0
53234231.0
1.0
5323421.0
5323421.0
1.0
532341.0
532341.0
1.0
53231.0
53231.0
1.0
5321.0
5321.0
1.0
531.0
531.0
1.0
51.0
51.0
1.0
31.0
1.0
341.0
341.0
1.0
3421.0
3421.0
1.0
34241.0
34241.0
1.0
3421.0
3421.0
1.0
34221.0
34221.0
1.0
342231.0
342231.0
1.0
3422341.0
3422341.0
1.0
342231.0
342231.0
1.0
3422321.0
3422321.0
1.0
342231.0
342231.0
1.0
3422331.0
3422331.0
1.0
34223321.0
34223321.0
1.0
3422331.0
3422331.0
1.0
342231.0
342231.0
1.0
34221.0
34221.0
1.0
3421.0
3421.0
1.0
341.0
341.0
1.0
31.0
31.0
1.0
41.0
1.0
421.0
421.0
1.0
4231.0
4231.0
1.0
42341.0
42341.0
1.0
423421.0
423421.0
1.0
42341.0
42341.0
1.0
4231.0
4231.0
1.0
421.0
421.0
1.0
4221.0
4221.0
1.0
421.0
421.0
1.0
4231.0
4231.0
1.0
13.0
1.0
15.0
15.0
1.0
4.0
32.0
314.0
32.0
4.0
35.0
346.0
35.0
346.0
35.0
347.0
3465.0
347.0
35.0
345.0
35.0
4.0
1.0
2.0
13.0
124.0
1234.0
124.0
13.0
123.0
13.0
124.0
1235.0
124.0
13.0
2.0
15.0
144.0
15.0
143.0
15.0
2.0
1.0
6.0
57.0
6.0
56.0
6.0
1.0
4.0
1.0
3.0
1.0
4.0
32.0
4.0
1.0
5.0
46.0
5.0
44.0
435.0
44.0
5.0
1.0
4.0
1.0
2.0
14.0
2.0
15.0
2.0
16.0
2.0
1.0
5.0
46.0
5.0
43.0
424.0
43.0
5.0
44.0
5.0
44.0
435.0
4346.0
435.0
4347.0
435.0
4346.0
43454.0
4346.0
435.0
4342.0
43413.0
4342.0
43414.0
434132.0
43414.0
434133.0
4341324.0
434133.0
43414.0
4342.0
43415.0
4342.0
435.0
44.0
5.0
1.0
5.0
46.0
457.0
46.0
455.0
46.0
5.0
1.0
4.0
1.0
3.0
24.0
235.0
24.0
3.0
1.0
7.0
66.0
7.0
1.0
5.0
44.0
5.0
45.0
446.0
45.0
447.0
45.0
445.0
45.0
446.0
45.0
447.0
45.0
5.0
46.0
5.0
46.0
5.0
1.0
4.0
35.0
346.0
35.0
344.0
3435.0
34346.0
3435.0
34344.0
3435.0
344.0
3436.0
344.0
35.0
4.0
1.0
6.0
57.0
6.0
58.0
575.0
5746.0
575.0
58.0
6.0
1.0
13.0
1.0
15.0
1.0
4.0
1.0
32.0
32.0
1.0
314.0
314.0
1.0
32.0
32.0
1.0
4.0
4.0
1.0
35.0
35.0
1.0
346.0
346.0
1.0
35.0
35.0
1.0
346.0
346.0
1.0
35.0
35.0
1.0
347.0
347.0
1.0
3465.0
3465.0
1.0
347.0
347.0
1.0
35.0
35.0
1.0
345.0
345.0
1.0
35.0
35.0
1.0
4.0
4.0
1.0
2.0
1.0
13.0
13.0
1.0
124.0
124.0
1.0
1234.0
1234.0
1.0
124.0
124.0
1.0
13.0
13.0
1.0
123.0
123.0
1.0
13.0
13.0
1.0
124.0
124.0
1.0
1235.0
1235.0
1.0
124.0
124.0
1.0
13.0
13.0
1.0
2.0
2.0
1.0
15.0
15.0
1.0
144.0
144.0
1.0
15.0
15.0
1.0
143.0
143.0
1.0
15.0
15.0
1.0
2.0
2.0
1.0
6.0
1.0
57.0
57.0
1.0
6.0
6.0
1.0
56.0
56.0
1.0
6.0
6.0
1.0
4.0
1.0
3.0
1.0
4.0
1.0
32.0
32.0
1.0
4.0
4.0
1.0
5.0
1.0
46.0
46.0
1.0
5.0
5.0
1.0
44.0
44.0
1.0
435.0
435.0
1.0
44.0
44.0
1.0
5.0
5.0
1.0
4.0
1.0
2.0
1.0
14.0
14.0
1.0
2.0
2.0
1.0
15.0
15.0
1.0
2.0
2.0
1.0
16.0
16.0
1.0
2.0
2.0
1.0
5.0
1.0
46.0
46.0
1.0
5.0
5.0
1.0
43.0
43.0
1.0
424.0
424.0
1.0
43.0
43.0
1.0
5.0
5.0
1.0
44.0
44.0
1.0
5.0
5.0
1.0
44.0
44.0
1.0
435.0
435.0
1.0
4346.0
4346.0
1.0
435.0
435.0
1.0
4347.0
4347.0
1.0
435.0
435.0
1.0
4346.0
4346.0
1.0
43454.0
43454.0
1.0
4346.0
4346.0
1.0
435.0
435.0
1.0
4342.0
4342.0
1.0
43413.0
43413.0
1.0
4342.0
4342.0
1.0
43414.0
43414.0
1.0
434132.0
434132.0
1.0
43414.0
43414.0
1.0
434133.0
434133.0
1.0
4341324.0
4341324.0
1.0
434133.0
434133.0
1.0
43414.0
43414.0
1.0
4342.0
4342.0
1.0
43415.0
43415.0
1.0
4342.0
4342.0
1.0
435.0
435.0
1.0
44.0
44.0
1.0
5.0
5.0
1.0
5.0
1.0
46.0
46.0
1.0
457.0
457.0
1.0
46.0
46.0
1.0
455.0
455.0
1.0
46.0
46.0
1.0
5.0
5.0
1.0
4.0
1.0
3.0
1.0
24.0
24.0
1.0
235.0
235.0
1.0
24.0
24.0
1.0
3.0
3.0
1.0
7.0
1.0
66.0
66.0
1.0
7.0
7.0
1.0
5.0
1.0
44.0
44.0
1.0
5.0
5.0
1.0
45.0
45.0
1.0
446.0
446.0
1.0
45.0
45.0
1.0
447.0
447.0
1.0
45.0
45.0
1.0
445.0
445.0
1.0
45.0
45.0
1.0
446.0
446.0
1.0
45.0
45.0
1.0
447.0
447.0
1.0
45.0
45.0
1.0
5.0
5.0
1.0
46.0
46.0
1.0
5.0
5.0
1.0
46.0
46.0
1.0
5.0
5.0
1.0
4.0
1.0
35.0
35.0
1.0
346.0
346.0
1.0
35.0
35.0
1.0
344.0
344.0
1.0
3435.0
3435.0
1.0
34346.0
34346.0
1.0
3435.0
3435.0
1.0
34344.0
34344.0
1.0
3435.0
3435.0
1.0
344.0
344.0
1.0
3436.0
3436.0
1.0
344.0
344.0
1.0
35.0
35.0
1.0
4.0
4.0
1.0
6.0
1.0
57.0
57.0
1.0
6.0
6.0
1.0
58.0
58.0
1.0
575.0
575.0
1.0
5746.0
5746.0
1.0
575.0
575.0
1.0
58.0
58.0
1.0
6.0
6.0
1.0
13.0
1.0
15.0
15.0
1.0
3.0
24.0
232.0
1.0
4.0
1.0
5.0
44.0
436.0
1.0
6.0
57.0
1.0
3.0
24.0
1.0
4.0
35.0
346.0
46.0
446.0
5446.0
6.0
56.0
566.0
1.0
7.0
1.0
4.0
34.0
335.0
5.0
65.0
645.0
1.0
5.0
46.0
455.0
1.0
5.0
44.0
1.0
6.0
55.0
547.0
7.0
37.0
347.0
1.0
6.0
57.0
1.0
4.0
35.0
344.0
34.0
364.0
4.0
34.0
1.0
6.0
57.0
1.0
3.0
24.0
235.0
5.0
45.0
435.0
1.0
6.0
57.0
1.0
5.0
1.0
3.0
43.0
1.0
6.0
55.0
1.0
4.0
36.0
326.0
3246.0
32456.0
356.0
3356.0
356.0
2356.0
26.0
236.0
36.0
436.0
4236.0
46.0
436.0
4346.0
5.0
44.0
435.0
5.0
45.0
1.0
4.0
33.0
325.0
5.0
35.0
355.0
3545.0
4.0
35.0
344.0
44.0
344.0
3444.0
4.0
34.0
333.0
3.0
33.0
1.0
5.0
1.0
13.0
1.0
15.0
1.0
3.0
1.0
24.0
24.0
1.0
232.0
232.0
1.0
4.0
1.0
5.0
1.0
44.0
44.0
1.0
436.0
436.0
1.0
6.0
1.0
57.0
57.0
1.0
3.0
1.0
24.0
24.0
1.0
4.0
1.0
35.0
35.0
1.0
346.0
346.0
1.0
46.0
46.0
1.0
446.0
446.0
1.0
5446.0
5446.0
1.0
6.0
6.0
1.0
56.0
56.0
1.0
566.0
566.0
1.0
7.0
1.0
4.0
1.0
34.0
34.0
1.0
335.0
335.0
1.0
5.0
5.0
1.0
65.0
65.0
1.0
645.0
645.0
1.0
5.0
1.0
46.0
46.0
1.0
455.0
455.0
1.0
5.0
1.0
44.0
44.0
1.0
6.0
1.0
55.0
55.0
1.0
547.0
547.0
1.0
7.0
7.0
1.0
37.0
37.0
1.0
347.0
347.0
1.0
6.0
1.0
57.0
57.0
1.0
4.0
1.0
35.0
35.0
1.0
344.0
344.0
1.0
34.0
34.0
1.0
364.0
364.0
1.0
4.0
4.0
1.0
34.0
34.0
1.0
6.0
1.0
57.0
57.0
1.0
3.0
1.0
24.0
24.0
1.0
235.0
235.0
1.0
5.0
5.0
1.0
45.0
45.0
1.0
435.0
435.0
1.0
6.0
1.0
57.0
57.0
1.0
5.0
1.0
3.0
1.0
43.0
43.0
1.0
6.0
1.0
55.0
55.0
1.0
4.0
1.0
36.0
36.0
1.0
326.0
326.0
1.0
3246.0
3246.0
1.0
32456.0
32456.0
1.0
356.0
356.0
1.0
3356.0
3356.0
1.0
356.0
356.0
1.0
2356.0
2356.0
1.0
26.0
26.0
1.0
236.0
236.0
1.0
36.0
36.0
1.0
436.0
436.0
1.0
4236.0
4236.0
1.0
46.0
46.0
1.0
436.0
436.0
1.0
4346.0
4346.0
1.0
5.0
5.0
1.0
44.0
44.0
1.0
435.0
435.0
1.0
5.0
5.0
1.0
45.0
45.0
1.0
4.0
1.0
33.0
33.0
1.0
325.0
325.0
1.0
5.0
5.0
1.0
35.0
35.0
1.0
355.0
355.0
1.0
3545.0
3545.0
1.0
4.0
4.0
1.0
35.0
35.0
1.0
344.0
344.0
1.0
44.0
44.0
1.0
344.0
344.0
1.0
3444.0
3444.0
1.0
4.0
4.0
1.0
34.0
34.0
1.0
333.0
333.0
1.0
3.0
3.0
1.0
33.0
33.0
1.0
5.0
1.0
13.0
1.0
15.0
15.0
2.0
1.0
13.0
1.0
15.0
1.0
2.0
2.0
1.0
13.0
1.0
15.0
15.0
1.0
13.0
1.0
15.0
1.0
2.0
12.0
112.0
12.0
2.0
14.0
2.0
1.0
4.0
1.0
2.0
14.0
2.0
14.0
132.0
14.0
134.0
14.0
2.0
15.0
146.0
15.0
144.0
1435.0
14346.0
1435.0
14344.0
143437.0
1434366.0
143437.0
1434365.0
14343646.0
1434365.0
14343648.0
1434365.0
14343647.0
1434365.0
14343644.0
1434365.0
143437.0
1434363.0
14343624.0
1434363.0
143437.0
14344.0
1435.0
14343.0
1435.0
144.0
1432.0
14313.0
143124.0
14313.0
143122.0
1431213.0
143122.0
1431214.0
143122.0
14313.0
1432.0
144.0
15.0
2.0
1.0
2.0
13.0
2.0
14.0
133.0
14.0
134.0
14.0
2.0
1.0
4.0
33.0
4.0
32.0
4.0
34.0
4.0
1.0
5.0
44.0
5.0
45.0
5.0
46.0
5.0
44.0
5.0
1.0
5.0
44.0
5.0
1.0
6.0
1.0
7.0
64.0
635.0
6343.0
635.0
64.0
7.0
1.0
7.0
68.0
7.0
1.0
5.0
44.0
5.0
1.0
8.0
77.0
8.0
74.0
735.0
74.0
734.0
7335.0
734.0
74.0
8.0
77.0
768.0
77.0
8.0
1.0
7.0
1.0
8.0
75.0
1.0
2.0
1.0
12.0
12.0
1.0
112.0
112.0
1.0
12.0
12.0
1.0
2.0
2.0
1.0
14.0
14.0
1.0
2.0
2.0
1.0
4.0
1.0
2.0
1.0
14.0
14.0
1.0
2.0
2.0
1.0
14.0
14.0
1.0
132.0
132.0
1.0
14.0
14.0
1.0
134.0
134.0
1.0
14.0
14.0
1.0
2.0
2.0
1.0
15.0
15.0
1.0
146.0
146.0
1.0
15.0
15.0
1.0
144.0
144.0
1.0
1435.0
1435.0
1.0
14346.0
14346.0
1.0
1435.0
1435.0
1.0
14344.0
14344.0
1.0
143437.0
143437.0
1.0
1434366.0
1434366.0
1.0
143437.0
143437.0
1.0
1434365.0
1434365.0
1.0
14343646.0
14343646.0
1.0
1434365.0
1434365.0
1.0
14343648.0
14343648.0
1.0
1434365.0
1434365.0
1.0
14343647.0
14343647.0
1.0
1434365.0
1434365.0
1.0
14343644.0
14343644.0
1.0
1434365.0
1434365.0
1.0
143437.0
143437.0
1.0
1434363.0
1434363.0
1.0
14343624.0
14343624.0
1.0
1434363.0
1434363.0
1.0
143437.0
143437.0
1.0
14344.0
14344.0
1.0
1435.0
1435.0
1.0
14343.0
14343.0
1.0
1435.0
1435.0
1.0
144.0
144.0
1.0
1432.0
1432.0
1.0
14313.0
14313.0
1.0
143124.0
143124.0
1.0
14313.0
14313.0
1.0
143122.0
143122.0
1.0
1431213.0
1431213.0
1.0
143122.0
143122.0
1.0
1431214.0
1431214.0
1.0
143122.0
143122.0
1.0
14313.0
14313.0
1.0
1432.0
1432.0
1.0
144.0
144.0
1.0
15.0
15.0
1.0
2.0
2.0
1.0
2.0
1.0
13.0
13.0
1.0
2.0
2.0
1.0
14.0
14.0
1.0
133.0
133.0
1.0
14.0
14.0
1.0
134.0
134.0
1.0
14.0
14.0
1.0
2.0
2.0
1.0
4.0
1.0
33.0
33.0
1.0
4.0
4.0
1.0
32.0
32.0
1.0
4.0
4.0
1.0
34.0
34.0
1.0
4.0
4.0
1.0
5.0
1.0
44.0
44.0
1.0
5.0
5.0
1.0
45.0
45.0
1.0
5.0
5.0
1.0
46.0
46.0
1.0
5.0
5.0
1.0
44.0
44.0
1.0
5.0
5.0
1.0
5.0
1.0
44.0
44.0
1.0
5.0
5.0
1.0
6.0
1.0
7.0
1.0
64.0
64.0
1.0
635.0
635.0
1.0
6343.0
6343.0
1.0
635.0
635.0
1.0
64.0
64.0
1.0
7.0
7.0
1.0
7.0
1.0
68.0
68.0
1.0
7.0
7.0
1.0
5.0
1.0
44.0
44.0
1.0
5.0
5.0
1.0
8.0
1.0
77.0
77.0
1.0
8.0
8.0
1.0
74.0
74.0
1.0
735.0
735.0
1.0
74.0
74.0
1.0
734.0
734.0
1.0
7335.0
7335.0
1.0
734.0
734.0
1.0
74.0
74.0
1.0
8.0
8.0
1.0
77.0
77.0
1.0
768.0
768.0
1.0
77.0
77.0
1.0
8.0
8.0
1.0
7.0
1.0
8.0
1.0
75.0
75.0
1.0
13.0
1.0
15.0
15.0
1.0
4.0
35.0
4.0
1.0
7.0
68.0
7.0
1.0
5.0
46.0
457.0
46.0
458.0
4579.0
458.0
46.0
5.0
1.0
5.0
44.0
5.0
43.0
5.0
1.0
7.0
68.0
7.0
63.0
7.0
64.0
635.0
64.0
7.0
67.0
7.0
1.0
8.0
1.0
6.0
57.0
6.0
56.0
6.0
53.0
6.0
55.0
543.0
55.0
546.0
55.0
544.0
5433.0
54325.0
543244.0
54325.0
543243.0
5432424.0
543243.0
5432425.0
54324243.0
5432425.0
543243.0
54325.0
5433.0
544.0
55.0
6.0
1.0
7.0
66.0
7.0
68.0
676.0
68.0
7.0
1.0
5.0
1.0
5.0
1.0
7.0
68.0
7.0
68.0
676.0
6757.0
676.0
6758.0
676.0
6756.0
676.0
68.0
7.0
1.0
4.0
35.0
343.0
35.0
4.0
1.0
5.0
46.0
457.0
46.0
5.0
1.0
3.0
24.0
235.0
24.0
3.0
27.0
266.0
27.0
267.0
2666.0
267.0
27.0
268.0
27.0
3.0
29.0
287.0
2868.0
287.0
29.0
3.0
1.0
5.0
44.0
436.0
44.0
434.0
4335.0
434.0
44.0
5.0
1.0
8.0
1.0
6.0
55.0
6.0
54.0
1.0
13.0
1.0
15.0
1.0
4.0
1.0
35.0
35.0
1.0
4.0
4.0
1.0
7.0
1.0
68.0
68.0
1.0
7.0
7.0
1.0
5.0
1.0
46.0
46.0
1.0
457.0
457.0
1.0
46.0
46.0
1.0
458.0
458.0
1.0
4579.0
4579.0
1.0
458.0
458.0
1.0
46.0
46.0
1.0
5.0
5.0
1.0
5.0
1.0
44.0
44.0
1.0
5.0
5.0
1.0
43.0
43.0
1.0
5.0
5.0
1.0
7.0
1.0
68.0
68.0
1.0
7.0
7.0
1.0
63.0
63.0
1.0
7.0
7.0
1.0
64.0
64.0
1.0
635.0
635.0
1.0
64.0
64.0
1.0
7.0
7.0
1.0
67.0
67.0
1.0
7.0
7.0
1.0
8.0
1.0
6.0
1.0
57.0
57.0
1.0
6.0
6.0
1.0
56.0
56.0
1.0
6.0
6.0
1.0
53.0
53.0
1.0
6.0
6.0
1.0
55.0
55.0
1.0
543.0
543.0
1.0
55.0
55.0
1.0
546.0
546.0
1.0
55.0
55.0
1.0
544.0
544.0
1.0
5433.0
5433.0
1.0
54325.0
54325.0
1.0
543244.0
543244.0
1.0
54325.0
54325.0
1.0
543243.0
543243.0
1.0
5432424.0
5432424.0
1.0
543243.0
543243.0
1.0
5432425.0
5432425.0
1.0
54324243.0
54324243.0
1.0
5432425.0
5432425.0
1.0
543243.0
543243.0
1.0
54325.0
54325.0
1.0
5433.0
5433.0
1.0
544.0
544.0
1.0
55.0
55.0
1.0
6.0
6.0
1.0
7.0
1.0
66.0
66.0
1.0
7.0
7.0
1.0
68.0
68.0
1.0
676.0
676.0
1.0
68.0
68.0
1.0
7.0
7.0
1.0
5.0
1.0
5.0
1.0
7.0
1.0
68.0
68.0
1.0
7.0
7.0
1.0
68.0
68.0
1.0
676.0
676.0
1.0
6757.0
6757.0
1.0
676.0
676.0
1.0
6758.0
6758.0
1.0
676.0
676.0
1.0
6756.0
6756.0
1.0
676.0
676.0
1.0
68.0
68.0
1.0
7.0
7.0
1.0
4.0
1.0
35.0
35.0
1.0
343.0
343.0
1.0
35.0
35.0
1.0
4.0
4.0
1.0
5.0
1.0
46.0
46.0
1.0
457.0
457.0
1.0
46.0
46.0
1.0
5.0
5.0
1.0
3.0
1.0
24.0
24.0
1.0
235.0
235.0
1.0
24.0
24.0
1.0
3.0
3.0
1.0
27.0
27.0
1.0
266.0
266.0
1.0
27.0
27.0
1.0
267.0
267.0
1.0
2666.0
2666.0
1.0
267.0
267.0
1.0
27.0
27.0
1.0
268.0
268.0
1.0
27.0
27.0
1.0
3.0
3.0
1.0
29.0
29.0
1.0
287.0
287.0
1.0
2868.0
2868.0
1.0
287.0
287.0
1.0
29.0
29.0
1.0
3.0
3.0
1.0
5.0
1.0
44.0
44.0
1.0
436.0
436.0
1.0
44.0
44.0
1.0
434.0
434.0
1.0
4335.0
4335.0
1.0
434.0
434.0
1.0
44.0
44.0
1.0
5.0
5.0
1.0
8.0
1.0
6.0
1.0
55.0
55.0
1.0
6.0
6.0
1.0
54.0
54.0
1.0
13.0
1.0
15.0
15.0
1.0
4.0
34.0
332.0
34.0
334.0
34.0
335.0
3346.0
335.0
3344.0
335.0
34.0
4.0
1.0
6.0
57.0
568.0
57.0
6.0
1.0
5.0
43.0
424.0
43.0
425.0
4243.0
425.0
4245.0
42445.0
4245.0
42446.0
424457.0
42446.0
424455.0
42446.0
424456.0
4244553.0
424456.0
42446.0
4245.0
425.0
43.0
5.0
43.0
424.0
4235.0
424.0
4233.0
424.0
43.0
425.0
43.0
5.0
1.0
5.0
44.0
5.0
45.0
444.0
4433.0
44326.0
1.0
13.0
1.0
15.0
1.0
4.0
1.0
34.0
34.0
1.0
332.0
332.0
1.0
34.0
34.0
1.0
334.0
334.0
1.0
34.0
34.0
1.0
335.0
335.0
1.0
3346.0
3346.0
1.0
335.0
335.0
1.0
3344.0
3344.0
1.0
335.0
335.0
1.0
34.0
34.0
1.0
4.0
4.0
1.0
6.0
1.0
57.0
57.0
1.0
568.0
568.0
1.0
57.0
57.0
1.0
6.0
6.0
1.0
5.0
1.0
43.0
43.0
1.0
424.0
424.0
1.0
43.0
43.0
1.0
425.0
425.0
1.0
4243.0
4243.0
1.0
425.0
425.0
1.0
4245.0
4245.0
1.0
42445.0
42445.0
1.0
4245.0
4245.0
1.0
42446.0
42446.0
1.0
424457.0
424457.0
1.0
42446.0
42446.0
1.0
424455.0
424455.0
1.0
42446.0
42446.0
1.0
424456.0
424456.0
1.0
4244553.0
4244553.0
1.0
424456.0
424456.0
1.0
42446.0
42446.0
1.0
4245.0
4245.0
1.0
425.0
425.0
1.0
43.0
43.0
1.0
5.0
5.0
1.0
43.0
43.0
1.0
424.0
424.0
1.0
4235.0
4235.0
1.0
424.0
424.0
1.0
4233.0
4233.0
1.0
424.0
424.0
1.0
43.0
43.0
1.0
425.0
425.0
1.0
43.0
43.0
1.0
5.0
5.0
1.0
5.0
1.0
44.0
44.0
1.0
5.0
5.0
1.0
45.0
45.0
1.0
444.0
444.0
1.0
4433.0
4433.0
1.0
44326.0
44326.0
1.0
31.0
341.0
3451.0
34531.0
4531.0
64531.0
654531.0
6531.0
65531.0
656531.0
31.0
431.0
4431.0
44331.0
331.0
5331.0
31.0
631.0
6731.0
1.0
13.0
1.0
15.0
1.0
4.0
1.0
34.0
34.0
1.0
332.0
332.0
1.0
34.0
34.0
1.0
334.0
334.0
1.0
34.0
34.0
1.0
335.0
335.0
1.0
3346.0
3346.0
1.0
335.0
335.0
1.0
3344.0
3344.0
1.0
335.0
335.0
1.0
34.0
34.0
1.0
4.0
4.0
1.0
6.0
1.0
57.0
57.0
1.0
568.0
568.0
1.0
57.0
57.0
1.0
6.0
6.0
1.0
5.0
1.0
43.0
43.0
1.0
424.0
424.0
1.0
43.0
43.0
1.0
425.0
425.0
1.0
4243.0
4243.0
1.0
425.0
425.0
1.0
4245.0
4245.0
1.0
42445.0
42445.0
1.0
4245.0
4245.0
1.0
42446.0
42446.0
1.0
424457.0
424457.0
1.0
42446.0
42446.0
1.0
424455.0
424455.0
1.0
42446.0
42446.0
1.0
424456.0
424456.0
1.0
4244553.0
4244553.0
1.0
424456.0
424456.0
1.0
42446.0
42446.0
1.0
4245.0
4245.0
1.0
425.0
425.0
1.0
43.0
43.0
1.0
5.0
5.0
1.0
43.0
43.0
1.0
424.0
424.0
1.0
4235.0
4235.0
1.0
424.0
424.0
1.0
4233.0
4233.0
1.0
424.0
424.0
1.0
43.0
43.0
1.0
425.0
425.0
1.0
43.0
43.0
1.0
5.0
5.0
1.0
5.0
1.0
44.0
44.0
1.0
5.0
5.0
1.0
45.0
45.0
1.0
444.0
444.0
1.0
4433.0
4433.0
1.0
44326.0
44326.0
1.0
31.0
1.0
341.0
341.0
1.0
3451.0
3451.0
1.0
34531.0
34531.0
1.0
4531.0
4531.0
1.0
64531.0
64531.0
1.0
654531.0
654531.0
1.0
6531.0
6531.0
1.0
65531.0
65531.0
1.0
656531.0
656531.0
1.0
31.0
31.0
1.0
431.0
431.0
1.0
4431.0
4431.0
1.0
44331.0
44331.0
1.0
331.0
331.0
1.0
5331.0
5331.0
1.0
31.0
31.0
1.0
631.0
631.0
1.0
6731.0
6731.0
1.0
6.0
57.0
565.0
5646.0
56455.0
6455.0
26455.0
236455.0
2346455.0
46455.0
546455.0
5446455.0
5455.0
55455.0
554455.0
5546455.0
455.0
3455.0
31455.0
312455.0
32455.0
342455.0
3452455.0
32455.0
342455.0
3455.0
35455.0
35.0
355.0
4.0
35.0
344.0
3434.0
34333.0
333.0
4333.0
43333.0
4333.0
43433.0
434333.0
43434.0
434335.0
45.0
435.0
44.0
435.0
45.0
455.0
4545.0
45645.0
456345.0
1.0
13.0
1.0
15.0
1.0
4.0
1.0
34.0
34.0
1.0
332.0
332.0
1.0
34.0
34.0
1.0
334.0
334.0
1.0
34.0
34.0
1.0
335.0
335.0
1.0
3346.0
3346.0
1.0
335.0
335.0
1.0
3344.0
3344.0
1.0
335.0
335.0
1.0
34.0
34.0
1.0
4.0
4.0
1.0
6.0
1.0
57.0
57.0
1.0
568.0
568.0
1.0
57.0
57.0
1.0
6.0
6.0
1.0
5.0
1.0
43.0
43.0
1.0
424.0
424.0
1.0
43.0
43.0
1.0
425.0
425.0
1.0
4243.0
4243.0
1.0
425.0
425.0
1.0
4245.0
4245.0
1.0
42445.0
42445.0
1.0
4245.0
4245.0
1.0
42446.0
42446.0
1.0
424457.0
424457.0
1.0
42446.0
42446.0
1.0
424455.0
424455.0
1.0
42446.0
42446.0
1.0
424456.0
424456.0
1.0
4244553.0
4244553.0
1.0
424456.0
424456.0
1.0
42446.0
42446.0
1.0
4245.0
4245.0
1.0
425.0
425.0
1.0
43.0
43.0
1.0
5.0
5.0
1.0
43.0
43.0
1.0
424.0
424.0
1.0
4235.0
4235.0
1.0
424.0
424.0
1.0
4233.0
4233.0
1.0
424.0
424.0
1.0
43.0
43.0
1.0
425.0
425.0
1.0
43.0
43.0
1.0
5.0
5.0
1.0
5.0
1.0
44.0
44.0
1.0
5.0
5.0
1.0
45.0
45.0
1.0
444.0
444.0
1.0
4433.0
4433.0
1.0
44326.0
44326.0
1.0
31.0
1.0
341.0
341.0
1.0
3451.0
3451.0
1.0
34531.0
34531.0
1.0
4531.0
4531.0
1.0
64531.0
64531.0
1.0
654531.0
654531.0
1.0
6531.0
6531.0
1.0
65531.0
65531.0
1.0
656531.0
656531.0
1.0
31.0
31.0
1.0
431.0
431.0
1.0
4431.0
4431.0
1.0
44331.0
44331.0
1.0
331.0
331.0
1.0
5331.0
5331.0
1.0
31.0
31.0
1.0
631.0
631.0
1.0
6731.0
6731.0
1.0
6.0
1.0
57.0
57.0
1.0
565.0
565.0
1.0
5646.0
5646.0
1.0
56455.0
56455.0
1.0
6455.0
6455.0
1.0
26455.0
26455.0
1.0
236455.0
236455.0
1.0
2346455.0
2346455.0
1.0
46455.0
46455.0
1.0
546455.0
546455.0
1.0
5446455.0
5446455.0
1.0
5455.0
5455.0
1.0
55455.0
55455.0
1.0
554455.0
554455.0
1.0
5546455.0
5546455.0
1.0
455.0
455.0
1.0
3455.0
3455.0
1.0
31455.0
31455.0
1.0
312455.0
312455.0
1.0
32455.0
32455.0
1.0
342455.0
342455.0
1.0
3452455.0
3452455.0
1.0
32455.0
32455.0
1.0
342455.0
342455.0
1.0
3455.0
3455.0
1.0
35455.0
35455.0
1.0
35.0
35.0
1.0
355.0
355.0
1.0
4.0
4.0
1.0
35.0
35.0
1.0
344.0
344.0
1.0
3434.0
3434.0
1.0
34333.0
34333.0
1.0
333.0
333.0
1.0
4333.0
4333.0
1.0
43333.0
43333.0
1.0
4333.0
4333.0
1.0
43433.0
43433.0
1.0
434333.0
434333.0
1.0
43434.0
43434.0
1.0
434335.0
434335.0
1.0
45.0
45.0
1.0
435.0
435.0
1.0
44.0
44.0
1.0
435.0
435.0
1.0
45.0
45.0
1.0
455.0
455.0
1.0
4545.0
4545.0
1.0
45645.0
45645.0
1.0
456345.0
456345.0
1.0
5.0
44.0
436.0
6.0
56.0
566.0
6.0
46.0
456.0
1.0
7.0
68.0
1.0
7.0
68.0
1.0
3.0
24.0
232.0
2.0
32.0
322.0
22.0
422.0
4322.0
422.0
4322.0
43422.0
22.0
322.0
3422.0
2.0
42.0
2.0
22.0
232.0
2322.0
23282.0
232892.0
2328942.0
23289432.0
2328942.0
232892.0
23282.0
2322.0
232.0
22.0
2.0
42.0
432.0
42.0
422.0
42.0
452.0
42.0
462.0
42.0
442.0
4462.0
442.0
4432.0
44342.0
4432.0
44332.0
443342.0
44332.0
4432.0
442.0
4472.0
442.0
4482.0
442.0
4452.0
442.0
4452.0
442.0
42.0
2.0
42.0
432.0
42.0
452.0
4532.0
452.0
4542.0
45452.0
454562.0
4545632.0
454562.0
45452.0
454562.0
45452.0
4542.0
452.0
4552.0
45562.0
4552.0
452.0
4562.0
1.0
13.0
1.0
15.0
1.0
4.0
1.0
34.0
34.0
1.0
332.0
332.0
1.0
34.0
34.0
1.0
334.0
334.0
1.0
34.0
34.0
1.0
335.0
335.0
1.0
3346.0
3346.0
1.0
335.0
335.0
1.0
3344.0
3344.0
1.0
335.0
335.0
1.0
34.0
34.0
1.0
4.0
4.0
1.0
6.0
1.0
57.0
57.0
1.0
568.0
568.0
1.0
57.0
57.0
1.0
6.0
6.0
1.0
5.0
1.0
43.0
43.0
1.0
424.0
424.0
1.0
43.0
43.0
1.0
425.0
425.0
1.0
4243.0
4243.0
1.0
425.0
425.0
1.0
4245.0
4245.0
1.0
42445.0
42445.0
1.0
4245.0
4245.0
1.0
42446.0
42446.0
1.0
424457.0
424457.0
1.0
42446.0
42446.0
1.0
424455.0
424455.0
1.0
42446.0
42446.0
1.0
424456.0
424456.0
1.0
4244553.0
4244553.0
1.0
424456.0
424456.0
1.0
42446.0
42446.0
1.0
4245.0
4245.0
1.0
425.0
425.0
1.0
43.0
43.0
1.0
5.0
5.0
1.0
43.0
43.0
1.0
424.0
424.0
1.0
4235.0
4235.0
1.0
424.0
424.0
1.0
4233.0
4233.0
1.0
424.0
424.0
1.0
43.0
43.0
1.0
425.0
425.0
1.0
43.0
43.0
1.0
5.0
5.0
1.0
5.0
1.0
44.0
44.0
1.0
5.0
5.0
1.0
45.0
45.0
1.0
444.0
444.0
1.0
4433.0
4433.0
1.0
44326.0
44326.0
1.0
31.0
1.0
341.0
341.0
1.0
3451.0
3451.0
1.0
34531.0
34531.0
1.0
4531.0
4531.0
1.0
64531.0
64531.0
1.0
654531.0
654531.0
1.0
6531.0
6531.0
1.0
65531.0
65531.0
1.0
656531.0
656531.0
1.0
31.0
31.0
1.0
431.0
431.0
1.0
4431.0
4431.0
1.0
44331.0
44331.0
1.0
331.0
331.0
1.0
5331.0
5331.0
1.0
31.0
31.0
1.0
631.0
631.0
1.0
6731.0
6731.0
1.0
6.0
1.0
57.0
57.0
1.0
565.0
565.0
1.0
5646.0
5646.0
1.0
56455.0
56455.0
1.0
6455.0
6455.0
1.0
26455.0
26455.0
1.0
236455.0
236455.0
1.0
2346455.0
2346455.0
1.0
46455.0
46455.0
1.0
546455.0
546455.0
1.0
5446455.0
5446455.0
1.0
5455.0
5455.0
1.0
55455.0
55455.0
1.0
554455.0
554455.0
1.0
5546455.0
5546455.0
1.0
455.0
455.0
1.0
3455.0
3455.0
1.0
31455.0
31455.0
1.0
312455.0
312455.0
1.0
32455.0
32455.0
1.0
342455.0
342455.0
1.0
3452455.0
3452455.0
1.0
32455.0
32455.0
1.0
342455.0
342455.0
1.0
3455.0
3455.0
1.0
35455.0
35455.0
1.0
35.0
35.0
1.0
355.0
355.0
1.0
4.0
4.0
1.0
35.0
35.0
1.0
344.0
344.0
1.0
3434.0
3434.0
1.0
34333.0
34333.0
1.0
333.0
333.0
1.0
4333.0
4333.0
1.0
43333.0
43333.0
1.0
4333.0
4333.0
1.0
43433.0
43433.0
1.0
434333.0
434333.0
1.0
43434.0
43434.0
1.0
434335.0
434335.0
1.0
45.0
45.0
1.0
435.0
435.0
1.0
44.0
44.0
1.0
435.0
435.0
1.0
45.0
45.0
1.0
455.0
455.0
1.0
4545.0
4545.0
1.0
45645.0
45645.0
1.0
456345.0
456345.0
1.0
5.0
1.0
44.0
44.0
1.0
436.0
436.0
1.0
6.0
6.0
1.0
56.0
56.0
1.0
566.0
566.0
1.0
6.0
6.0
1.0
46.0
46.0
1.0
456.0
456.0
1.0
7.0
1.0
68.0
68.0
1.0
7.0
1.0
68.0
68.0
1.0
3.0
1.0
24.0
24.0
1.0
232.0
232.0
1.0
2.0
2.0
1.0
32.0
32.0
1.0
322.0
322.0
1.0
22.0
22.0
1.0
422.0
422.0
1.0
4322.0
4322.0
1.0
422.0
422.0
1.0
4322.0
4322.0
1.0
43422.0
43422.0
1.0
22.0
22.0
1.0
322.0
322.0
1.0
3422.0
3422.0
1.0
2.0
2.0
1.0
42.0
42.0
1.0
2.0
2.0
1.0
22.0
22.0
1.0
232.0
232.0
1.0
2322.0
2322.0
1.0
23282.0
23282.0
1.0
232892.0
232892.0
1.0
2328942.0
2328942.0
1.0
23289432.0
23289432.0
1.0
2328942.0
2328942.0
1.0
232892.0
232892.0
1.0
23282.0
23282.0
1.0
2322.0
2322.0
1.0
232.0
232.0
1.0
22.0
22.0
1.0
2.0
2.0
1.0
42.0
42.0
1.0
432.0
432.0
1.0
42.0
42.0
1.0
422.0
422.0
1.0
42.0
42.0
1.0
452.0
452.0
1.0
42.0
42.0
1.0
462.0
462.0
1.0
42.0
42.0
1.0
442.0
442.0
1.0
4462.0
4462.0
1.0
442.0
442.0
1.0
4432.0
4432.0
1.0
44342.0
44342.0
1.0
4432.0
4432.0
1.0
44332.0
44332.0
1.0
443342.0
443342.0
1.0
44332.0
44332.0
1.0
4432.0
4432.0
1.0
442.0
442.0
1.0
4472.0
4472.0
1.0
442.0
442.0
1.0
4482.0
4482.0
1.0
442.0
442.0
1.0
4452.0
4452.0
1.0
442.0
442.0
1.0
4452.0
4452.0
1.0
442.0
442.0
1.0
42.0
42.0
1.0
2.0
2.0
1.0
42.0
42.0
1.0
432.0
432.0
1.0
42.0
42.0
1.0
452.0
452.0
1.0
4532.0
4532.0
1.0
452.0
452.0
1.0
4542.0
4542.0
1.0
45452.0
45452.0
1.0
454562.0
454562.0
1.0
4545632.0
4545632.0
1.0
454562.0
454562.0
1.0
45452.0
45452.0
1.0
454562.0
454562.0
1.0
45452.0
45452.0
1.0
4542.0
4542.0
1.0
452.0
452.0
1.0
4552.0
4552.0
1.0
45562.0
45562.0
1.0
4552.0
4552.0
1.0
452.0
452.0
1.0
4562.0
4562.0
1.0
4.0
35.0
4.0
1.0
4.0
36.0
4.0
1.0
6.0
1.0
7.0
1.0
7.0
1.0
3.0
1.0
4.0
35.0
343.0
35.0
344.0
35.0
347.0
35.0
348.0
35.0
347.0
3468.0
347.0
35.0
343.0
3424.0
34235.0
3424.0
34233.0
342325.0
3423244.0
34232435.0
3423244.0
34232435.0
342324346.0
34232435.0
3423244.0
34232437.0
3423244.0
34232437.0
3423244.0
342325.0
34233.0
3424.0
343.0
35.0
4.0
1.0
5.0
46.0
457.0
46.0
455.0
4543.0
45424.0
4543.0
45426.0
454255.0
45426.0
1.0
13.0
1.0
15.0
1.0
4.0
1.0
34.0
34.0
1.0
332.0
332.0
1.0
34.0
34.0
1.0
334.0
334.0
1.0
34.0
34.0
1.0
335.0
335.0
1.0
3346.0
3346.0
1.0
335.0
335.0
1.0
3344.0
3344.0
1.0
335.0
335.0
1.0
34.0
34.0
1.0
4.0
4.0
1.0
6.0
1.0
57.0
57.0
1.0
568.0
568.0
1.0
57.0
57.0
1.0
6.0
6.0
1.0
5.0
1.0
43.0
43.0
1.0
424.0
424.0
1.0
43.0
43.0
1.0
425.0
425.0
1.0
4243.0
4243.0
1.0
425.0
425.0
1.0
4245.0
4245.0
1.0
42445.0
42445.0
1.0
4245.0
4245.0
1.0
42446.0
42446.0
1.0
424457.0
424457.0
1.0
42446.0
42446.0
1.0
424455.0
424455.0
1.0
42446.0
42446.0
1.0
424456.0
424456.0
1.0
4244553.0
4244553.0
1.0
424456.0
424456.0
1.0
42446.0
42446.0
1.0
4245.0
4245.0
1.0
425.0
425.0
1.0
43.0
43.0
1.0
5.0
5.0
1.0
43.0
43.0
1.0
424.0
424.0
1.0
4235.0
4235.0
1.0
424.0
424.0
1.0
4233.0
4233.0
1.0
424.0
424.0
1.0
43.0
43.0
1.0
425.0
425.0
1.0
43.0
43.0
1.0
5.0
5.0
1.0
5.0
1.0
44.0
44.0
1.0
5.0
5.0
1.0
45.0
45.0
1.0
444.0
444.0
1.0
4433.0
4433.0
1.0
44326.0
44326.0
1.0
31.0
1.0
341.0
341.0
1.0
3451.0
3451.0
1.0
34531.0
34531.0
1.0
4531.0
4531.0
1.0
64531.0
64531.0
1.0
654531.0
654531.0
1.0
6531.0
6531.0
1.0
65531.0
65531.0
1.0
656531.0
656531.0
1.0
31.0
31.0
1.0
431.0
431.0
1.0
4431.0
4431.0
1.0
44331.0
44331.0
1.0
331.0
331.0
1.0
5331.0
5331.0
1.0
31.0
31.0
1.0
631.0
631.0
1.0
6731.0
6731.0
1.0
6.0
1.0
57.0
57.0
1.0
565.0
565.0
1.0
5646.0
5646.0
1.0
56455.0
56455.0
1.0
6455.0
6455.0
1.0
26455.0
26455.0
1.0
236455.0
236455.0
1.0
2346455.0
2346455.0
1.0
46455.0
46455.0
1.0
546455.0
546455.0
1.0
5446455.0
5446455.0
1.0
5455.0
5455.0
1.0
55455.0
55455.0
1.0
554455.0
554455.0
1.0
5546455.0
5546455.0
1.0
455.0
455.0
1.0
3455.0
3455.0
1.0
31455.0
31455.0
1.0
312455.0
312455.0
1.0
32455.0
32455.0
1.0
342455.0
342455.0
1.0
3452455.0
3452455.0
1.0
32455.0
32455.0
1.0
342455.0
342455.0
1.0
3455.0
3455.0
1.0
35455.0
35455.0
1.0
35.0
35.0
1.0
355.0
355.0
1.0
4.0
4.0
1.0
35.0
35.0
1.0
344.0
344.0
1.0
3434.0
3434.0
1.0
34333.0
34333.0
1.0
333.0
333.0
1.0
4333.0
4333.0
1.0
43333.0
43333.0
1.0
4333.0
4333.0
1.0
43433.0
43433.0
1.0
434333.0
434333.0
1.0
43434.0
43434.0
1.0
434335.0
434335.0
1.0
45.0
45.0
1.0
435.0
435.0
1.0
44.0
44.0
1.0
435.0
435.0
1.0
45.0
45.0
1.0
455.0
455.0
1.0
4545.0
4545.0
1.0
45645.0
45645.0
1.0
456345.0
456345.0
1.0
5.0
1.0
44.0
44.0
1.0
436.0
436.0
1.0
6.0
6.0
1.0
56.0
56.0
1.0
566.0
566.0
1.0
6.0
6.0
1.0
46.0
46.0
1.0
456.0
456.0
1.0
7.0
1.0
68.0
68.0
1.0
7.0
1.0
68.0
68.0
1.0
3.0
1.0
24.0
24.0
1.0
232.0
232.0
1.0
2.0
2.0
1.0
32.0
32.0
1.0
322.0
322.0
1.0
22.0
22.0
1.0
422.0
422.0
1.0
4322.0
4322.0
1.0
422.0
422.0
1.0
4322.0
4322.0
1.0
43422.0
43422.0
1.0
22.0
22.0
1.0
322.0
322.0
1.0
3422.0
3422.0
1.0
2.0
2.0
1.0
42.0
42.0
1.0
2.0
2.0
1.0
22.0
22.0
1.0
232.0
232.0
1.0
2322.0
2322.0
1.0
23282.0
23282.0
1.0
232892.0
232892.0
1.0
2328942.0
2328942.0
1.0
23289432.0
23289432.0
1.0
2328942.0
2328942.0
1.0
232892.0
232892.0
1.0
23282.0
23282.0
1.0
2322.0
2322.0
1.0
232.0
232.0
1.0
22.0
22.0
1.0
2.0
2.0
1.0
42.0
42.0
1.0
432.0
432.0
1.0
42.0
42.0
1.0
422.0
422.0
1.0
42.0
42.0
1.0
452.0
452.0
1.0
42.0
42.0
1.0
462.0
462.0
1.0
42.0
42.0
1.0
442.0
442.0
1.0
4462.0
4462.0
1.0
442.0
442.0
1.0
4432.0
4432.0
1.0
44342.0
44342.0
1.0
4432.0
4432.0
1.0
44332.0
44332.0
1.0
443342.0
443342.0
1.0
44332.0
44332.0
1.0
4432.0
4432.0
1.0
442.0
442.0
1.0
4472.0
4472.0
1.0
442.0
442.0
1.0
4482.0
4482.0
1.0
442.0
442.0
1.0
4452.0
4452.0
1.0
442.0
442.0
1.0
4452.0
4452.0
1.0
442.0
442.0
1.0
42.0
42.0
1.0
2.0
2.0
1.0
42.0
42.0
1.0
432.0
432.0
1.0
42.0
42.0
1.0
452.0
452.0
1.0
4532.0
4532.0
1.0
452.0
452.0
1.0
4542.0
4542.0
1.0
45452.0
45452.0
1.0
454562.0
454562.0
1.0
4545632.0
4545632.0
1.0
454562.0
454562.0
1.0
45452.0
45452.0
1.0
454562.0
454562.0
1.0
45452.0
45452.0
1.0
4542.0
4542.0
1.0
452.0
452.0
1.0
4552.0
4552.0
1.0
45562.0
45562.0
1.0
4552.0
4552.0
1.0
452.0
452.0
1.0
4562.0
4562.0
1.0
4.0
1.0
35.0
35.0
1.0
4.0
4.0
1.0
4.0
1.0
36.0
36.0
1.0
4.0
4.0
1.0
6.0
1.0
7.0
1.0
7.0
1.0
3.0
1.0
4.0
1.0
35.0
35.0
1.0
343.0
343.0
1.0
35.0
35.0
1.0
344.0
344.0
1.0
35.0
35.0
1.0
347.0
347.0
1.0
35.0
35.0
1.0
348.0
348.0
1.0
35.0
35.0
1.0
347.0
347.0
1.0
3468.0
3468.0
1.0
347.0
347.0
1.0
35.0
35.0
1.0
343.0
343.0
1.0
3424.0
3424.0
1.0
34235.0
34235.0
1.0
3424.0
3424.0
1.0
34233.0
34233.0
1.0
342325.0
342325.0
1.0
3423244.0
3423244.0
1.0
34232435.0
34232435.0
1.0
3423244.0
3423244.0
1.0
34232435.0
34232435.0
1.0
342324346.0
342324346.0
1.0
34232435.0
34232435.0
1.0
3423244.0
3423244.0
1.0
34232437.0
34232437.0
1.0
3423244.0
3423244.0
1.0
34232437.0
34232437.0
1.0
3423244.0
3423244.0
1.0
342325.0
342325.0
1.0
34233.0
34233.0
1.0
3424.0
3424.0
1.0
343.0
343.0
1.0
35.0
35.0
1.0
4.0
4.0
1.0
5.0
1.0
46.0
46.0
1.0
457.0
457.0
1.0
46.0
46.0
1.0
455.0
455.0
1.0
4543.0
4543.0
1.0
45424.0
45424.0
1.0
4543.0
4543.0
1.0
45426.0
45426.0
1.0
454255.0
454255.0
1.0
45426.0
45426.0
1.0
8.0
77.0
768.0
1.0
5.0
46.0
1.0
6.0
57.0
1.0
5.0
46.0
1.0
8.0
1.0
8.0
1.0
5.0
1.0
7.0
68.0
1.0
8.0
1.0
5.0
46.0
455.0
46.0
456.0
6.0
76.0
786.0
1.0
7.0
66.0
1.0
8.0
79.0
1.0
5.0
55.0
555.0
1.0
8.0
79.0
8.0
76.0
756.0
1.0
7.0
68.0
1.0
8.0
79.0
785.0
7855.0
755.0
7655.0
655.0
5655.0
65655.0
675655.0
6785655.0
65655.0
655655.0
6565655.0
655.0
6655.0
1.0
13.0
1.0
15.0
1.0
4.0
1.0
34.0
34.0
1.0
332.0
332.0
1.0
34.0
34.0
1.0
334.0
334.0
1.0
34.0
34.0
1.0
335.0
335.0
1.0
3346.0
3346.0
1.0
335.0
335.0
1.0
3344.0
3344.0
1.0
335.0
335.0
1.0
34.0
34.0
1.0
4.0
4.0
1.0
6.0
1.0
57.0
57.0
1.0
568.0
568.0
1.0
57.0
57.0
1.0
6.0
6.0
1.0
5.0
1.0
43.0
43.0
1.0
424.0
424.0
1.0
43.0
43.0
1.0
425.0
425.0
1.0
4243.0
4243.0
1.0
425.0
425.0
1.0
4245.0
4245.0
1.0
42445.0
42445.0
1.0
4245.0
4245.0
1.0
42446.0
42446.0
1.0
424457.0
424457.0
1.0
42446.0
42446.0
1.0
424455.0
424455.0
1.0
42446.0
42446.0
1.0
424456.0
424456.0
1.0
4244553.0
4244553.0
1.0
424456.0
424456.0
1.0
42446.0
42446.0
1.0
4245.0
4245.0
1.0
425.0
425.0
1.0
43.0
43.0
1.0
5.0
5.0
1.0
43.0
43.0
1.0
424.0
424.0
1.0
4235.0
4235.0
1.0
424.0
424.0
1.0
4233.0
4233.0
1.0
424.0
424.0
1.0
43.0
43.0
1.0
425.0
425.0
1.0
43.0
43.0
1.0
5.0
5.0
1.0
5.0
1.0
44.0
44.0
1.0
5.0
5.0
1.0
45.0
45.0
1.0
444.0
444.0
1.0
4433.0
4433.0
1.0
44326.0
44326.0
1.0
31.0
1.0
341.0
341.0
1.0
3451.0
3451.0
1.0
34531.0
34531.0
1.0
4531.0
4531.0
1.0
64531.0
64531.0
1.0
654531.0
654531.0
1.0
6531.0
6531.0
1.0
65531.0
65531.0
1.0
656531.0
656531.0
1.0
31.0
31.0
1.0
431.0
431.0
1.0
4431.0
4431.0
1.0
44331.0
44331.0
1.0
331.0
331.0
1.0
5331.0
5331.0
1.0
31.0
31.0
1.0
631.0
631.0
1.0
6731.0
6731.0
1.0
6.0
1.0
57.0
57.0
1.0
565.0
565.0
1.0
5646.0
5646.0
1.0
56455.0
56455.0
1.0
6455.0
6455.0
1.0
26455.0
26455.0
1.0
236455.0
236455.0
1.0
2346455.0
2346455.0
1.0
46455.0
46455.0
1.0
546455.0
546455.0
1.0
5446455.0
5446455.0
1.0
5455.0
5455.0
1.0
55455.0
55455.0
1.0
554455.0
554455.0
1.0
5546455.0
5546455.0
1.0
455.0
455.0
1.0
3455.0
3455.0
1.0
31455.0
31455.0
1.0
312455.0
312455.0
1.0
32455.0
32455.0
1.0
342455.0
342455.0
1.0
3452455.0
3452455.0
1.0
32455.0
32455.0
1.0
342455.0
342455.0
1.0
3455.0
3455.0
1.0
35455.0
35455.0
1.0
35.0
35.0
1.0
355.0
355.0
1.0
4.0
4.0
1.0
35.0
35.0
1.0
344.0
344.0
1.0
3434.0
3434.0
1.0
34333.0
34333.0
1.0
333.0
333.0
1.0
4333.0
4333.0
1.0
43333.0
43333.0
1.0
4333.0
4333.0
1.0
43433.0
43433.0
1.0
434333.0
434333.0
1.0
43434.0
43434.0
1.0
434335.0
434335.0
1.0
45.0
45.0
1.0
435.0
435.0
1.0
44.0
44.0
1.0
435.0
435.0
1.0
45.0
45.0
1.0
455.0
455.0
1.0
4545.0
4545.0
1.0
45645.0
45645.0
1.0
456345.0
456345.0
1.0
5.0
1.0
44.0
44.0
1.0
436.0
436.0
1.0
6.0
6.0
1.0
56.0
56.0
1.0
566.0
566.0
1.0
6.0
6.0
1.0
46.0
46.0
1.0
456.0
456.0
1.0
7.0
1.0
68.0
68.0
1.0
7.0
1.0
68.0
68.0
1.0
3.0
1.0
24.0
24.0
1.0
232.0
232.0
1.0
2.0
2.0
1.0
32.0
32.0
1.0
322.0
322.0
1.0
22.0
22.0
1.0
422.0
422.0
1.0
4322.0
4322.0
1.0
422.0
422.0
1.0
4322.0
4322.0
1.0
43422.0
43422.0
1.0
22.0
22.0
1.0
322.0
322.0
1.0
3422.0
3422.0
1.0
2.0
2.0
1.0
42.0
42.0
1.0
2.0
2.0
1.0
22.0
22.0
1.0
232.0
232.0
1.0
2322.0
2322.0
1.0
23282.0
23282.0
1.0
232892.0
232892.0
1.0
2328942.0
2328942.0
1.0
23289432.0
23289432.0
1.0
2328942.0
2328942.0
1.0
232892.0
232892.0
1.0
23282.0
23282.0
1.0
2322.0
2322.0
1.0
232.0
232.0
1.0
22.0
22.0
1.0
2.0
2.0
1.0
42.0
42.0
1.0
432.0
432.0
1.0
42.0
42.0
1.0
422.0
422.0
1.0
42.0
42.0
1.0
452.0
452.0
1.0
42.0
42.0
1.0
462.0
462.0
1.0
42.0
42.0
1.0
442.0
442.0
1.0
4462.0
4462.0
1.0
442.0
442.0
1.0
4432.0
4432.0
1.0
44342.0
44342.0
1.0
4432.0
4432.0
1.0
44332.0
44332.0
1.0
443342.0
443342.0
1.0
44332.0
44332.0
1.0
4432.0
4432.0
1.0
442.0
442.0
1.0
4472.0
4472.0
1.0
442.0
442.0
1.0
4482.0
4482.0
1.0
442.0
442.0
1.0
4452.0
4452.0
1.0
442.0
442.0
1.0
4452.0
4452.0
1.0
442.0
442.0
1.0
42.0
42.0
1.0
2.0
2.0
1.0
42.0
42.0
1.0
432.0
432.0
1.0
42.0
42.0
1.0
452.0
452.0
1.0
4532.0
4532.0
1.0
452.0
452.0
1.0
4542.0
4542.0
1.0
45452.0
45452.0
1.0
454562.0
454562.0
1.0
4545632.0
4545632.0
1.0
454562.0
454562.0
1.0
45452.0
45452.0
1.0
454562.0
454562.0
1.0
45452.0
45452.0
1.0
4542.0
4542.0
1.0
452.0
452.0
1.0
4552.0
4552.0
1.0
45562.0
45562.0
1.0
4552.0
4552.0
1.0
452.0
452.0
1.0
4562.0
4562.0
1.0
4.0
1.0
35.0
35.0
1.0
4.0
4.0
1.0
4.0
1.0
36.0
36.0
1.0
4.0
4.0
1.0
6.0
1.0
7.0
1.0
7.0
1.0
3.0
1.0
4.0
1.0
35.0
35.0
1.0
343.0
343.0
1.0
35.0
35.0
1.0
344.0
344.0
1.0
35.0
35.0
1.0
347.0
347.0
1.0
35.0
35.0
1.0
348.0
348.0
1.0
35.0
35.0
1.0
347.0
347.0
1.0
3468.0
3468.0
1.0
347.0
347.0
1.0
35.0
35.0
1.0
343.0
343.0
1.0
3424.0
3424.0
1.0
34235.0
34235.0
1.0
3424.0
3424.0
1.0
34233.0
34233.0
1.0
342325.0
342325.0
1.0
3423244.0
3423244.0
1.0
34232435.0
34232435.0
1.0
3423244.0
3423244.0
1.0
34232435.0
34232435.0
1.0
342324346.0
342324346.0
1.0
34232435.0
34232435.0
1.0
3423244.0
3423244.0
1.0
34232437.0
34232437.0
1.0
3423244.0
3423244.0
1.0
34232437.0
34232437.0
1.0
3423244.0
3423244.0
1.0
342325.0
342325.0
1.0
34233.0
34233.0
1.0
3424.0
3424.0
1.0
343.0
343.0
1.0
35.0
35.0
1.0
4.0
4.0
1.0
5.0
1.0
46.0
46.0
1.0
457.0
457.0
1.0
46.0
46.0
1.0
455.0
455.0
1.0
4543.0
4543.0
1.0
45424.0
45424.0
1.0
4543.0
4543.0
1.0
45426.0
45426.0
1.0
454255.0
454255.0
1.0
45426.0
45426.0
1.0
8.0
1.0
77.0
77.0
1.0
768.0
768.0
1.0
5.0
1.0
46.0
46.0
1.0
6.0
1.0
57.0
57.0
1.0
5.0
1.0
46.0
46.0
1.0
8.0
1.0
8.0
1.0
5.0
1.0
7.0
1.0
68.0
68.0
1.0
8.0
1.0
5.0
1.0
46.0
46.0
1.0
455.0
455.0
1.0
46.0
46.0
1.0
456.0
456.0
1.0
6.0
6.0
1.0
76.0
76.0
1.0
786.0
786.0
1.0
7.0
1.0
66.0
66.0
1.0
8.0
1.0
79.0
79.0
1.0
5.0
1.0
55.0
55.0
1.0
555.0
555.0
1.0
8.0
1.0
79.0
79.0
1.0
8.0
8.0
1.0
76.0
76.0
1.0
756.0
756.0
1.0
7.0
1.0
68.0
68.0
1.0
8.0
1.0
79.0
79.0
1.0
785.0
785.0
1.0
7855.0
7855.0
1.0
755.0
755.0
1.0
7655.0
7655.0
1.0
655.0
655.0
1.0
5655.0
5655.0
1.0
65655.0
65655.0
1.0
675655.0
675655.0
1.0
6785655.0
6785655.0
1.0
65655.0
65655.0
1.0
655655.0
655655.0
1.0
6565655.0
6565655.0
1.0
655.0
655.0
1.0
6655.0
6655.0
1.0
9.0
88.0
877.0
8769.0
877.0
88.0
1.0
13.0
1.0
15.0
1.0
4.0
1.0
34.0
34.0
1.0
332.0
332.0
1.0
34.0
34.0
1.0
334.0
334.0
1.0
34.0
34.0
1.0
335.0
335.0
1.0
3346.0
3346.0
1.0
335.0
335.0
1.0
3344.0
3344.0
1.0
335.0
335.0
1.0
34.0
34.0
1.0
4.0
4.0
1.0
6.0
1.0
57.0
57.0
1.0
568.0
568.0
1.0
57.0
57.0
1.0
6.0
6.0
1.0
5.0
1.0
43.0
43.0
1.0
424.0
424.0
1.0
43.0
43.0
1.0
425.0
425.0
1.0
4243.0
4243.0
1.0
425.0
425.0
1.0
4245.0
4245.0
1.0
42445.0
42445.0
1.0
4245.0
4245.0
1.0
42446.0
42446.0
1.0
424457.0
424457.0
1.0
42446.0
42446.0
1.0
424455.0
424455.0
1.0
42446.0
42446.0
1.0
424456.0
424456.0
1.0
4244553.0
4244553.0
1.0
424456.0
424456.0
1.0
42446.0
42446.0
1.0
4245.0
4245.0
1.0
425.0
425.0
1.0
43.0
43.0
1.0
5.0
5.0
1.0
43.0
43.0
1.0
424.0
424.0
1.0
4235.0
4235.0
1.0
424.0
424.0
1.0
4233.0
4233.0
1.0
424.0
424.0
1.0
43.0
43.0
1.0
425.0
425.0
1.0
43.0
43.0
1.0
5.0
5.0
1.0
5.0
1.0
44.0
44.0
1.0
5.0
5.0
1.0
45.0
45.0
1.0
444.0
444.0
1.0
4433.0
4433.0
1.0
44326.0
44326.0
1.0
31.0
1.0
341.0
341.0
1.0
3451.0
3451.0
1.0
34531.0
34531.0
1.0
4531.0
4531.0
1.0
64531.0
64531.0
1.0
654531.0
654531.0
1.0
6531.0
6531.0
1.0
65531.0
65531.0
1.0
656531.0
656531.0
1.0
31.0
31.0
1.0
431.0
431.0
1.0
4431.0
4431.0
1.0
44331.0
44331.0
1.0
331.0
331.0
1.0
5331.0
5331.0
1.0
31.0
31.0
1.0
631.0
631.0
1.0
6731.0
6731.0
1.0
6.0
1.0
57.0
57.0
1.0
565.0
565.0
1.0
5646.0
5646.0
1.0
56455.0
56455.0
1.0
6455.0
6455.0
1.0
26455.0
26455.0
1.0
236455.0
236455.0
1.0
2346455.0
2346455.0
1.0
46455.0
46455.0
1.0
546455.0
546455.0
1.0
5446455.0
5446455.0
1.0
5455.0
5455.0
1.0
55455.0
55455.0
1.0
554455.0
554455.0
1.0
5546455.0
5546455.0
1.0
455.0
455.0
1.0
3455.0
3455.0
1.0
31455.0
31455.0
1.0
312455.0
312455.0
1.0
32455.0
32455.0
1.0
342455.0
342455.0
1.0
3452455.0
3452455.0
1.0
32455.0
32455.0
1.0
342455.0
342455.0
1.0
3455.0
3455.0
1.0
35455.0
35455.0
1.0
35.0
35.0
1.0
355.0
355.0
1.0
4.0
4.0
1.0
35.0
35.0
1.0
344.0
344.0
1.0
3434.0
3434.0
1.0
34333.0
34333.0
1.0
333.0
333.0
1.0
4333.0
4333.0
1.0
43333.0
43333.0
1.0
4333.0
4333.0
1.0
43433.0
43433.0
1.0
434333.0
434333.0
1.0
43434.0
43434.0
1.0
434335.0
434335.0
1.0
45.0
45.0
1.0
435.0
435.0
1.0
44.0
44.0
1.0
435.0
435.0
1.0
45.0
45.0
1.0
455.0
455.0
1.0
4545.0
4545.0
1.0
45645.0
45645.0
1.0
456345.0
456345.0
1.0
5.0
1.0
44.0
44.0
1.0
436.0
436.0
1.0
6.0
6.0
1.0
56.0
56.0
1.0
566.0
566.0
1.0
6.0
6.0
1.0
46.0
46.0
1.0
456.0
456.0
1.0
7.0
1.0
68.0
68.0
1.0
7.0
1.0
68.0
68.0
1.0
3.0
1.0
24.0
24.0
1.0
232.0
232.0
1.0
2.0
2.0
1.0
32.0
32.0
1.0
322.0
322.0
1.0
22.0
22.0
1.0
422.0
422.0
1.0
4322.0
4322.0
1.0
422.0
422.0
1.0
4322.0
4322.0
1.0
43422.0
43422.0
1.0
22.0
22.0
1.0
322.0
322.0
1.0
3422.0
3422.0
1.0
2.0
2.0
1.0
42.0
42.0
1.0
2.0
2.0
1.0
22.0
22.0
1.0
232.0
232.0
1.0
2322.0
2322.0
1.0
23282.0
23282.0
1.0
232892.0
232892.0
1.0
2328942.0
2328942.0
1.0
23289432.0
23289432.0
1.0
2328942.0
2328942.0
1.0
232892.0
232892.0
1.0
23282.0
23282.0
1.0
2322.0
2322.0
1.0
232.0
232.0
1.0
22.0
22.0
1.0
2.0
2.0
1.0
42.0
42.0
1.0
432.0
432.0
1.0
42.0
42.0
1.0
422.0
422.0
1.0
42.0
42.0
1.0
452.0
452.0
1.0
42.0
42.0
1.0
462.0
462.0
1.0
42.0
42.0
1.0
442.0
442.0
1.0
4462.0
4462.0
1.0
442.0
442.0
1.0
4432.0
4432.0
1.0
44342.0
44342.0
1.0
4432.0
4432.0
1.0
44332.0
44332.0
1.0
443342.0
443342.0
1.0
44332.0
44332.0
1.0
4432.0
4432.0
1.0
442.0
442.0
1.0
4472.0
4472.0
1.0
442.0
442.0
1.0
4482.0
4482.0
1.0
442.0
442.0
1.0
4452.0
4452.0
1.0
442.0
442.0
1.0
4452.0
4452.0
1.0
442.0
442.0
1.0
42.0
42.0
1.0
2.0
2.0
1.0
42.0
42.0
1.0
432.0
432.0
1.0
42.0
42.0
1.0
452.0
452.0
1.0
4532.0
4532.0
1.0
452.0
452.0
1.0
4542.0
4542.0
1.0
45452.0
45452.0
1.0
454562.0
454562.0
1.0
4545632.0
4545632.0
1.0
454562.0
454562.0
1.0
45452.0
45452.0
1.0
454562.0
454562.0
1.0
45452.0
45452.0
1.0
4542.0
4542.0
1.0
452.0
452.0
1.0
4552.0
4552.0
1.0
45562.0
45562.0
1.0
4552.0
4552.0
1.0
452.0
452.0
1.0
4562.0
4562.0
1.0
4.0
1.0
35.0
35.0
1.0
4.0
4.0
1.0
4.0
1.0
36.0
36.0
1.0
4.0
4.0
1.0
6.0
1.0
7.0
1.0
7.0
1.0
3.0
1.0
4.0
1.0
35.0
35.0
1.0
343.0
343.0
1.0
35.0
35.0
1.0
344.0
344.0
1.0
35.0
35.0
1.0
347.0
347.0
1.0
35.0
35.0
1.0
348.0
348.0
1.0
35.0
35.0
1.0
347.0
347.0
1.0
3468.0
3468.0
1.0
347.0
347.0
1.0
35.0
35.0
1.0
343.0
343.0
1.0
3424.0
3424.0
1.0
34235.0
34235.0
1.0
3424.0
3424.0
1.0
34233.0
34233.0
1.0
342325.0
342325.0
1.0
3423244.0
3423244.0
1.0
34232435.0
34232435.0
1.0
3423244.0
3423244.0
1.0
34232435.0
34232435.0
1.0
342324346.0
342324346.0
1.0
34232435.0
34232435.0
1.0
3423244.0
3423244.0
1.0
34232437.0
34232437.0
1.0
3423244.0
3423244.0
1.0
34232437.0
34232437.0
1.0
3423244.0
3423244.0
1.0
342325.0
342325.0
1.0
34233.0
34233.0
1.0
3424.0
3424.0
1.0
343.0
343.0
1.0
35.0
35.0
1.0
4.0
4.0
1.0
5.0
1.0
46.0
46.0
1.0
457.0
457.0
1.0
46.0
46.0
1.0
455.0
455.0
1.0
4543.0
4543.0
1.0
45424.0
45424.0
1.0
4543.0
4543.0
1.0
45426.0
45426.0
1.0
454255.0
454255.0
1.0
45426.0
45426.0
1.0
8.0
1.0
77.0
77.0
1.0
768.0
768.0
1.0
5.0
1.0
46.0
46.0
1.0
6.0
1.0
57.0
57.0
1.0
5.0
1.0
46.0
46.0
1.0
8.0
1.0
8.0
1.0
5.0
1.0
7.0
1.0
68.0
68.0
1.0
8.0
1.0
5.0
1.0
46.0
46.0
1.0
455.0
455.0
1.0
46.0
46.0
1.0
456.0
456.0
1.0
6.0
6.0
1.0
76.0
76.0
1.0
786.0
786.0
1.0
7.0
1.0
66.0
66.0
1.0
8.0
1.0
79.0
79.0
1.0
5.0
1.0
55.0
55.0
1.0
555.0
555.0
1.0
8.0
1.0
79.0
79.0
1.0
8.0
8.0
1.0
76.0
76.0
1.0
756.0
756.0
1.0
7.0
1.0
68.0
68.0
1.0
8.0
1.0
79.0
79.0
1.0
785.0
785.0
1.0
7855.0
7855.0
1.0
755.0
755.0
1.0
7655.0
7655.0
1.0
655.0
655.0
1.0
5655.0
5655.0
1.0
65655.0
65655.0
1.0
675655.0
675655.0
1.0
6785655.0
6785655.0
1.0
65655.0
65655.0
1.0
655655.0
655655.0
1.0
6565655.0
6565655.0
1.0
655.0
655.0
1.0
6655.0
6655.0
1.0
9.0
1.0
88.0
88.0
1.0
877.0
877.0
1.0
8769.0
8769.0
1.0
877.0
877.0
1.0
88.0
88.0
1.0
13.0
1.0
15.0
15.0
1.0
13.0
1.0
15.0
1.0
13.0
1.0
15.0
1.0
13.0
1.0
15.0
1.0
13.0
1.0
15.0
1.0
13.0
1.0
15.0
1.0
13.0
1.0
15.0
1.0
13.0
1.0
15.0
1.0
2.0
12.0
113.0
1124.0
11233.0
112324.0
1.0
13.0
1.0
15.0
1.0
2.0
1.0
12.0
12.0
1.0
113.0
113.0
1.0
1124.0
1124.0
1.0
11233.0
11233.0
1.0
112324.0
112324.0
1.0
1.01
1.0
3.0
33.0
323.0
3243.0
32423.0
324243.0
3242453.0
1.0
13.0
1.0
15.0
1.0
2.0
1.0
12.0
12.0
1.0
113.0
113.0
1.0
1124.0
1124.0
1.0
11233.0
11233.0
1.0
112324.0
112324.0
1.0
1.01
1.0
3.0
1.0
33.0
33.0
1.0
323.0
323.0
1.0
3243.0
3243.0
1.0
32423.0
32423.0
1.0
324243.0
324243.0
1.0
3242453.0
3242453.0
1.0
4.0
33.0
322.0
3213.0
32122.0
321213.0
1.0
13.0
1.0
15.0
1.0
2.0
1.0
12.0
12.0
1.0
113.0
113.0
1.0
1124.0
1124.0
1.0
11233.0
11233.0
1.0
112324.0
112324.0
1.0
1.01
1.0
3.0
1.0
33.0
33.0
1.0
323.0
323.0
1.0
3243.0
3243.0
1.0
32423.0
32423.0
1.0
324243.0
324243.0
1.0
3242453.0
3242453.0
1.0
4.0
1.0
33.0
33.0
1.0
322.0
322.0
1.0
3213.0
3213.0
1.0
32122.0
32122.0
1.0
321213.0
321213.0
1.0
5.0
46.0
453.0
4526.0
45252.0
1.0
13.0
1.0
15.0
1.0
2.0
1.0
12.0
12.0
1.0
113.0
113.0
1.0
1124.0
1124.0
1.0
11233.0
11233.0
1.0
112324.0
112324.0
1.0
1.01
1.0
3.0
1.0
33.0
33.0
1.0
323.0
323.0
1.0
3243.0
3243.0
1.0
32423.0
32423.0
1.0
324243.0
324243.0
1.0
3242453.0
3242453.0
1.0
4.0
1.0
33.0
33.0
1.0
322.0
322.0
1.0
3213.0
3213.0
1.0
32122.0
32122.0
1.0
321213.0
321213.0
1.0
5.0
1.0
46.0
46.0
1.0
453.0
453.0
1.0
4526.0
4526.0
1.0
45252.0
45252.0
1.0
4.0
35.0
343.0
3424.0
34236.0
342353.0
1.0
13.0
1.0
15.0
1.0
2.0
1.0
12.0
12.0
1.0
113.0
113.0
1.0
1124.0
1124.0
1.0
11233.0
11233.0
1.0
112324.0
112324.0
1.0
1.01
1.0
3.0
1.0
33.0
33.0
1.0
323.0
323.0
1.0
3243.0
3243.0
1.0
32423.0
32423.0
1.0
324243.0
324243.0
1.0
3242453.0
3242453.0
1.0
4.0
1.0
33.0
33.0
1.0
322.0
322.0
1.0
3213.0
3213.0
1.0
32122.0
32122.0
1.0
321213.0
321213.0
1.0
5.0
1.0
46.0
46.0
1.0
453.0
453.0
1.0
4526.0
4526.0
1.0
45252.0
45252.0
1.0
4.0
1.0
35.0
35.0
1.0
343.0
343.0
1.0
3424.0
3424.0
1.0
34236.0
34236.0
1.0
342353.0
342353.0
1.0
4.0
32.0
313.0
1.0
13.0
1.0
15.0
1.0
2.0
1.0
12.0
12.0
1.0
113.0
113.0
1.0
1124.0
1124.0
1.0
11233.0
11233.0
1.0
112324.0
112324.0
1.0
1.01
1.0
3.0
1.0
33.0
33.0
1.0
323.0
323.0
1.0
3243.0
3243.0
1.0
32423.0
32423.0
1.0
324243.0
324243.0
1.0
3242453.0
3242453.0
1.0
4.0
1.0
33.0
33.0
1.0
322.0
322.0
1.0
3213.0
3213.0
1.0
32122.0
32122.0
1.0
321213.0
321213.0
1.0
5.0
1.0
46.0
46.0
1.0
453.0
453.0
1.0
4526.0
4526.0
1.0
45252.0
45252.0
1.0
4.0
1.0
35.0
35.0
1.0
343.0
343.0
1.0
3424.0
3424.0
1.0
34236.0
34236.0
1.0
342353.0
342353.0
1.0
4.0
1.0
32.0
32.0
1.0
313.0
313.0
1.0
21.0
211.0
2121.0
1.0
13.0
1.0
15.0
1.0
2.0
1.0
12.0
12.0
1.0
113.0
113.0
1.0
1124.0
1124.0
1.0
11233.0
11233.0
1.0
112324.0
112324.0
1.0
1.01
1.0
3.0
1.0
33.0
33.0
1.0
323.0
323.0
1.0
3243.0
3243.0
1.0
32423.0
32423.0
1.0
324243.0
324243.0
1.0
3242453.0
3242453.0
1.0
4.0
1.0
33.0
33.0
1.0
322.0
322.0
1.0
3213.0
3213.0
1.0
32122.0
32122.0
1.0
321213.0
321213.0
1.0
5.0
1.0
46.0
46.0
1.0
453.0
453.0
1.0
4526.0
4526.0
1.0
45252.0
45252.0
1.0
4.0
1.0
35.0
35.0
1.0
343.0
343.0
1.0
3424.0
3424.0
1.0
34236.0
34236.0
1.0
342353.0
342353.0
1.0
4.0
1.0
32.0
32.0
1.0
313.0
313.0
1.0
21.0
1.0
211.0
211.0
1.0
2121.0
2121.0
1.0
3.0
24.0
232.0
2313.0
23124.0
231232.0
2312313.0
1.0
13.0
1.0
15.0
1.0
2.0
1.0
12.0
12.0
1.0
113.0
113.0
1.0
1124.0
1124.0
1.0
11233.0
11233.0
1.0
112324.0
112324.0
1.0
1.01
1.0
3.0
1.0
33.0
33.0
1.0
323.0
323.0
1.0
3243.0
3243.0
1.0
32423.0
32423.0
1.0
324243.0
324243.0
1.0
3242453.0
3242453.0
1.0
4.0
1.0
33.0
33.0
1.0
322.0
322.0
1.0
3213.0
3213.0
1.0
32122.0
32122.0
1.0
321213.0
321213.0
1.0
5.0
1.0
46.0
46.0
1.0
453.0
453.0
1.0
4526.0
4526.0
1.0
45252.0
45252.0
1.0
4.0
1.0
35.0
35.0
1.0
343.0
343.0
1.0
3424.0
3424.0
1.0
34236.0
34236.0
1.0
342353.0
342353.0
1.0
4.0
1.0
32.0
32.0
1.0
313.0
313.0
1.0
21.0
1.0
211.0
211.0
1.0
2121.0
2121.0
1.0
3.0
1.0
24.0
24.0
1.0
232.0
232.0
1.0
2313.0
2313.0
1.0
23124.0
23124.0
1.0
231232.0
231232.0
1.0
2312313.0
2312313.0
1.0
13.0
1.0
15.0
1.0
2.0
1.0
12.0
12.0
1.0
113.0
113.0
1.0
1124.0
1124.0
1.0
11233.0
11233.0
1.0
112324.0
112324.0
1.0
1.01
1.0
3.0
1.0
33.0
33.0
1.0
323.0
323.0
1.0
3243.0
3243.0
1.0
32423.0
32423.0
1.0
324243.0
324243.0
1.0
3242453.0
3242453.0
1.0
4.0
1.0
33.0
33.0
1.0
322.0
322.0
1.0
3213.0
3213.0
1.0
32122.0
32122.0
1.0
321213.0
321213.0
1.0
5.0
1.0
46.0
46.0
1.0
453.0
453.0
1.0
4526.0
4526.0
1.0
45252.0
45252.0
1.0
4.0
1.0
35.0
35.0
1.0
343.0
343.0
1.0
3424.0
3424.0
1.0
34236.0
34236.0
1.0
342353.0
342353.0
1.0
4.0
1.0
32.0
32.0
1.0
313.0
313.0
1.0
21.0
1.0
211.0
211.0
1.0
2121.0
2121.0
1.0
3.0
1.0
24.0
24.0
1.0
232.0
232.0
1.0
2313.0
2313.0
1.0
23124.0
23124.0
1.0
231232.0
231232.0
1.0
2312313.0
2312313.0
1.0
13.0
1.0
15.0
1.0
2.0
1.0
12.0
12.0
1.0
113.0
113.0
1.0
1124.0
1124.0
1.0
11233.0
11233.0
1.0
112324.0
112324.0
1.0
1.01
1.0
3.0
1.0
33.0
33.0
1.0
323.0
323.0
1.0
3243.0
3243.0
1.0
32423.0
32423.0
1.0
324243.0
324243.0
1.0
3242453.0
3242453.0
1.0
4.0
1.0
33.0
33.0
1.0
322.0
322.0
1.0
3213.0
3213.0
1.0
32122.0
32122.0
1.0
321213.0
321213.0
1.0
5.0
1.0
46.0
46.0
1.0
453.0
453.0
1.0
4526.0
4526.0
1.0
45252.0
45252.0
1.0
4.0
1.0
35.0
35.0
1.0
343.0
343.0
1.0
3424.0
3424.0
1.0
34236.0
34236.0
1.0
342353.0
342353.0
1.0
4.0
1.0
32.0
32.0
1.0
313.0
313.0
1.0
21.0
1.0
211.0
211.0
1.0
2121.0
2121.0
1.0
3.0
1.0
24.0
24.0
1.0
232.0
232.0
1.0
2313.0
2313.0
1.0
23124.0
23124.0
1.0
231232.0
231232.0
1.0
2312313.0
2312313.0
1.0
13.0
1.0
15.0
1.0
2.0
1.0
12.0
12.0
1.0
113.0
113.0
1.0
1124.0
1124.0
1.0
11233.0
11233.0
1.0
112324.0
112324.0
1.0
1.01
1.0
3.0
1.0
33.0
33.0
1.0
323.0
323.0
1.0
3243.0
3243.0
1.0
32423.0
32423.0
1.0
324243.0
324243.0
1.0
3242453.0
3242453.0
1.0
4.0
1.0
33.0
33.0
1.0
322.0
322.0
1.0
3213.0
3213.0
1.0
32122.0
32122.0
1.0
321213.0
321213.0
1.0
5.0
1.0
46.0
46.0
1.0
453.0
453.0
1.0
4526.0
4526.0
1.0
45252.0
45252.0
1.0
4.0
1.0
35.0
35.0
1.0
343.0
343.0
1.0
3424.0
3424.0
1.0
34236.0
34236.0
1.0
342353.0
342353.0
1.0
4.0
1.0
32.0
32.0
1.0
313.0
313.0
1.0
21.0
1.0
211.0
211.0
1.0
2121.0
2121.0
1.0
3.0
1.0
24.0
24.0
1.0
232.0
232.0
1.0
2313.0
2313.0
1.0
23124.0
23124.0
1.0
231232.0
231232.0
1.0
2312313.0
2312313.0
1.0
13.0
1.0
15.0
1.0
2.0
1.0
12.0
12.0
1.0
113.0
113.0
1.0
1124.0
1124.0
1.0
11233.0
11233.0
1.0
112324.0
112324.0
1.0
1.01
1.0
3.0
1.0
33.0
33.0
1.0
323.0
323.0
1.0
3243.0
3243.0
1.0
32423.0
32423.0
1.0
324243.0
324243.0
1.0
3242453.0
3242453.0
1.0
4.0
1.0
33.0
33.0
1.0
322.0
322.0
1.0
3213.0
3213.0
1.0
32122.0
32122.0
1.0
321213.0
321213.0
1.0
5.0
1.0
46.0
46.0
1.0
453.0
453.0
1.0
4526.0
4526.0
1.0
45252.0
45252.0
1.0
4.0
1.0
35.0
35.0
1.0
343.0
343.0
1.0
3424.0
3424.0
1.0
34236.0
34236.0
1.0
342353.0
342353.0
1.0
4.0
1.0
32.0
32.0
1.0
313.0
313.0
1.0
21.0
1.0
211.0
211.0
1.0
2121.0
2121.0
1.0
3.0
1.0
24.0
24.0
1.0
232.0
232.0
1.0
2313.0
2313.0
1.0
23124.0
23124.0
1.0
231232.0
231232.0
1.0
2312313.0
2312313.0
1.0
13.0
1.0
15.0
1.0
2.0
1.0
12.0
12.0
1.0
113.0
113.0
1.0
1124.0
1124.0
1.0
11233.0
11233.0
1.0
112324.0
112324.0
1.0
1.01
1.0
3.0
1.0
33.0
33.0
1.0
323.0
323.0
1.0
3243.0
3243.0
1.0
32423.0
32423.0
1.0
324243.0
324243.0
1.0
3242453.0
3242453.0
1.0
4.0
1.0
33.0
33.0
1.0
322.0
322.0
1.0
3213.0
3213.0
1.0
32122.0
32122.0
1.0
321213.0
321213.0
1.0
5.0
1.0
46.0
46.0
1.0
453.0
453.0
1.0
4526.0
4526.0
1.0
45252.0
45252.0
1.0
4.0
1.0
35.0
35.0
1.0
343.0
343.0
1.0
3424.0
3424.0
1.0
34236.0
34236.0
1.0
342353.0
342353.0
1.0
4.0
1.0
32.0
32.0
1.0
313.0
313.0
1.0
21.0
1.0
211.0
211.0
1.0
2121.0
2121.0
1.0
3.0
1.0
24.0
24.0
1.0
232.0
232.0
1.0
2313.0
2313.0
1.0
23124.0
23124.0
1.0
231232.0
231232.0
1.0
2312313.0
2312313.0
1.0
13.0
1.0
15.0
1.0
2.0
1.0
12.0
12.0
1.0
113.0
113.0
1.0
1124.0
1124.0
1.0
11233.0
11233.0
1.0
112324.0
112324.0
1.0
1.01
1.0
3.0
1.0
33.0
33.0
1.0
323.0
323.0
1.0
3243.0
3243.0
1.0
32423.0
32423.0
1.0
324243.0
324243.0
1.0
3242453.0
3242453.0
1.0
4.0
1.0
33.0
33.0
1.0
322.0
322.0
1.0
3213.0
3213.0
1.0
32122.0
32122.0
1.0
321213.0
321213.0
1.0
5.0
1.0
46.0
46.0
1.0
453.0
453.0
1.0
4526.0
4526.0
1.0
45252.0
45252.0
1.0
4.0
1.0
35.0
35.0
1.0
343.0
343.0
1.0
3424.0
3424.0
1.0
34236.0
34236.0
1.0
342353.0
342353.0
1.0
4.0
1.0
32.0
32.0
1.0
313.0
313.0
1.0
21.0
1.0
211.0
211.0
1.0
2121.0
2121.0
1.0
3.0
1.0
24.0
24.0
1.0
232.0
232.0
1.0
2313.0
2313.0
1.0
23124.0
23124.0
1.0
231232.0
231232.0
1.0
2312313.0
2312313.0
1.0
7.0
66.0
656.0
6553.0
1.0
13.0
1.0
15.0
1.0
2.0
1.0
12.0
12.0
1.0
113.0
113.0
1.0
1124.0
1124.0
1.0
11233.0
11233.0
1.0
112324.0
112324.0
1.0
1.01
1.0
3.0
1.0
33.0
33.0
1.0
323.0
323.0
1.0
3243.0
3243.0
1.0
32423.0
32423.0
1.0
324243.0
324243.0
1.0
3242453.0
3242453.0
1.0
4.0
1.0
33.0
33.0
1.0
322.0
322.0
1.0
3213.0
3213.0
1.0
32122.0
32122.0
1.0
321213.0
321213.0
1.0
5.0
1.0
46.0
46.0
1.0
453.0
453.0
1.0
4526.0
4526.0
1.0
45252.0
45252.0
1.0
4.0
1.0
35.0
35.0
1.0
343.0
343.0
1.0
3424.0
3424.0
1.0
34236.0
34236.0
1.0
342353.0
342353.0
1.0
4.0
1.0
32.0
32.0
1.0
313.0
313.0
1.0
21.0
1.0
211.0
211.0
1.0
2121.0
2121.0
1.0
3.0
1.0
24.0
24.0
1.0
232.0
232.0
1.0
2313.0
2313.0
1.0
23124.0
23124.0
1.0
231232.0
231232.0
1.0
2312313.0
2312313.0
1.0
7.0
1.0
66.0
66.0
1.0
656.0
656.0
1.0
6553.0
6553.0
1.0
4.0
35.0
343.0
3424.0
34235.0
3235.0
235.0
1.0
13.0
1.0
15.0
1.0
2.0
1.0
12.0
12.0
1.0
113.0
113.0
1.0
1124.0
1124.0
1.0
11233.0
11233.0
1.0
112324.0
112324.0
1.0
1.01
1.0
3.0
1.0
33.0
33.0
1.0
323.0
323.0
1.0
3243.0
3243.0
1.0
32423.0
32423.0
1.0
324243.0
324243.0
1.0
3242453.0
3242453.0
1.0
4.0
1.0
33.0
33.0
1.0
322.0
322.0
1.0
3213.0
3213.0
1.0
32122.0
32122.0
1.0
321213.0
321213.0
1.0
5.0
1.0
46.0
46.0
1.0
453.0
453.0
1.0
4526.0
4526.0
1.0
45252.0
45252.0
1.0
4.0
1.0
35.0
35.0
1.0
343.0
343.0
1.0
3424.0
3424.0
1.0
34236.0
34236.0
1.0
342353.0
342353.0
1.0
4.0
1.0
32.0
32.0
1.0
313.0
313.0
1.0
21.0
1.0
211.0
211.0
1.0
2121.0
2121.0
1.0
3.0
1.0
24.0
24.0
1.0
232.0
232.0
1.0
2313.0
2313.0
1.0
23124.0
23124.0
1.0
231232.0
231232.0
1.0
2312313.0
2312313.0
1.0
7.0
1.0
66.0
66.0
1.0
656.0
656.0
1.0
6553.0
6553.0
1.0
4.0
1.0
35.0
35.0
1.0
343.0
343.0
1.0
3424.0
3424.0
1.0
34235.0
34235.0
1.0
3235.0
3235.0
1.0
235.0
235.0
1.0
13.0
1.0
15.0
1.0
2.0
1.0
12.0
12.0
1.0
113.0
113.0
1.0
1124.0
1124.0
1.0
11233.0
11233.0
1.0
112324.0
112324.0
1.0
1.01
1.0
3.0
1.0
33.0
33.0
1.0
323.0
323.0
1.0
3243.0
3243.0
1.0
32423.0
32423.0
1.0
324243.0
324243.0
1.0
3242453.0
3242453.0
1.0
4.0
1.0
33.0
33.0
1.0
322.0
322.0
1.0
3213.0
3213.0
1.0
32122.0
32122.0
1.0
321213.0
321213.0
1.0
5.0
1.0
46.0
46.0
1.0
453.0
453.0
1.0
4526.0
4526.0
1.0
45252.0
45252.0
1.0
4.0
1.0
35.0
35.0
1.0
343.0
343.0
1.0
3424.0
3424.0
1.0
34236.0
34236.0
1.0
342353.0
342353.0
1.0
4.0
1.0
32.0
32.0
1.0
313.0
313.0
1.0
21.0
1.0
211.0
211.0
1.0
2121.0
2121.0
1.0
3.0
1.0
24.0
24.0
1.0
232.0
232.0
1.0
2313.0
2313.0
1.0
23124.0
23124.0
1.0
231232.0
231232.0
1.0
2312313.0
2312313.0
1.0
7.0
1.0
66.0
66.0
1.0
656.0
656.0
1.0
6553.0
6553.0
1.0
4.0
1.0
35.0
35.0
1.0
343.0
343.0
1.0
3424.0
3424.0
1.0
34235.0
34235.0
1.0
3235.0
3235.0
1.0
235.0
235.0
1.0
13.0
1.0
15.0
1.0
2.0
1.0
12.0
12.0
1.0
113.0
113.0
1.0
1124.0
1124.0
1.0
11233.0
11233.0
1.0
112324.0
112324.0
1.0
1.01
1.0
3.0
1.0
33.0
33.0
1.0
323.0
323.0
1.0
3243.0
3243.0
1.0
32423.0
32423.0
1.0
324243.0
324243.0
1.0
3242453.0
3242453.0
1.0
4.0
1.0
33.0
33.0
1.0
322.0
322.0
1.0
3213.0
3213.0
1.0
32122.0
32122.0
1.0
321213.0
321213.0
1.0
5.0
1.0
46.0
46.0
1.0
453.0
453.0
1.0
4526.0
4526.0
1.0
45252.0
45252.0
1.0
4.0
1.0
35.0
35.0
1.0
343.0
343.0
1.0
3424.0
3424.0
1.0
34236.0
34236.0
1.0
342353.0
342353.0
1.0
4.0
1.0
32.0
32.0
1.0
313.0
313.0
1.0
21.0
1.0
211.0
211.0
1.0
2121.0
2121.0
1.0
3.0
1.0
24.0
24.0
1.0
232.0
232.0
1.0
2313.0
2313.0
1.0
23124.0
23124.0
1.0
231232.0
231232.0
1.0
2312313.0
2312313.0
1.0
7.0
1.0
66.0
66.0
1.0
656.0
656.0
1.0
6553.0
6553.0
1.0
4.0
1.0
35.0
35.0
1.0
343.0
343.0
1.0
3424.0
3424.0
1.0
34235.0
34235.0
1.0
3235.0
3235.0
1.0
235.0
235.0
1.0
13.0
1.0
15.0
1.0
2.0
1.0
12.0
12.0
1.0
113.0
113.0
1.0
1124.0
1124.0
1.0
11233.0
11233.0
1.0
112324.0
112324.0
1.0
1.01
1.0
3.0
1.0
33.0
33.0
1.0
323.0
323.0
1.0
3243.0
3243.0
1.0
32423.0
32423.0
1.0
324243.0
324243.0
1.0
3242453.0
3242453.0
1.0
4.0
1.0
33.0
33.0
1.0
322.0
322.0
1.0
3213.0
3213.0
1.0
32122.0
32122.0
1.0
321213.0
321213.0
1.0
5.0
1.0
46.0
46.0
1.0
453.0
453.0
1.0
4526.0
4526.0
1.0
45252.0
45252.0
1.0
4.0
1.0
35.0
35.0
1.0
343.0
343.0
1.0
3424.0
3424.0
1.0
34236.0
34236.0
1.0
342353.0
342353.0
1.0
4.0
1.0
32.0
32.0
1.0
313.0
313.0
1.0
21.0
1.0
211.0
211.0
1.0
2121.0
2121.0
1.0
3.0
1.0
24.0
24.0
1.0
232.0
232.0
1.0
2313.0
2313.0
1.0
23124.0
23124.0
1.0
231232.0
231232.0
1.0
2312313.0
2312313.0
1.0
7.0
1.0
66.0
66.0
1.0
656.0
656.0
1.0
6553.0
6553.0
1.0
4.0
1.0
35.0
35.0
1.0
343.0
343.0
1.0
3424.0
3424.0
1.0
34235.0
34235.0
1.0
3235.0
3235.0
1.0
235.0
235.0
1.0
13.0
1.0
15.0
15.0
13.0
1.0
15.0
15.0
13.0
1.0
15.0
15.0
1.0
4.0
34.0
333.0
1.0
13.0
1.0
15.0
1.0
4.0
1.0
34.0
34.0
1.0
333.0
333.0
1.0
13.0
1.0
15.0
15.0
13.0
1.0
15.0
15.0
13.0
1.0
15.0
15.0
1.0
13.0
1.0
15.0
1.0
13.0
1.0
15.0
15.0
